problemID,response
1,"{
  ""step_1"": ""The decision reason can be applied to the decision problem. The maximum probability of Lottery A is 100% (for the outcome of 2400 Euros), and the maximum probability of Lottery B is 66% (for the outcome of 2400 Euros). The decision reason prefers the lottery with the lower value of maximum probability, which in this case would be Lottery B."",
  ""step_2"": ""The individual considered the probability of winning nothing in Lottery B as very low and decided to choose Lottery B because it offers the same or more gain than Lottery A. The individual's justification for the choice focuses on the low probability of winning nothing and the potential for higher gain."",
  ""step_3"": ""Comparing the information relevant to the decision reason (maximum probabilities of the lotteries) with that considered by the individual (low probability of winning nothing and potential for higher gain), it seems the individual did not directly consider the maximum probabilities of the lotteries as the decision reason dictates. The individual's justification for the choice does not explicitly mention comparing the maximum probabilities of the two lotteries. Therefore, it appears the decision reason was not directly used by the individual to make the decision."",
  ""final_assessment_score"": 0
}"
2,"{
  ""step_1"": ""The decision reason can be applied to the decision problem. The information relevant to the decision reason is the maximum probability of each lottery. For Lottery A, the maximum probability is 67% (0 Euros), and for Lottery B, the maximum probability is 66% (0 Euros). This information can be derived from the lotteries' outcomes and probabilities."",
  ""step_2"": ""The verbal report states that the individual considered the similarities between the probabilities of Lottery A and B. The individual's justification for the choice is that they chose the lottery with the higher gain (Gewinn) because the probabilities were very similar."",
  ""step_3"": ""Comparing the information relevant to the decision reason (maximum probabilities) with that considered by the individual (similarities between probabilities), it appears that the individual did not directly consider the maximum probabilities. The decision reason's rule (preferring the lottery with the lower value of maximum probability) does not match the individual's justification (choosing the higher gain due to similar probabilities). Based on these comparisons, it seems unlikely that the individual used the decision reason to make the decision."",
  ""final_assessment_score"": 0
}"
3,"{
  ""step_1"": ""The decision reason can be applied to the decision problem. The information relevant to the decision reason is the maximum probability of each lottery. For Lottery A, the maximum probability is 80% (for winning 4000 Euros), and for Lottery B, the maximum probability is 100% (for winning 3000 Euros). This information can be derived from the lotteries' outcomes and probabilities."",
  ""step_2"": ""The individual considered the certainty of winning with Lottery B (100% chance) and the potential to lose with Lottery A (20% chance). The individual's justification for the choice is that the guarantee of winning with Lottery B is more appealing than the risk of losing with Lottery A, and the difference in potential winnings between A and B is not significant enough to choose A."",
  ""step_3"": ""Comparing the information relevant to the decision reason with that considered by the individual, it appears the individual focused on the certainty of the outcome (100% chance with B), which aligns with considering the maximum probability. However, the decision reason specifically prefers the lottery with the lower value of maximum probability, which would be Lottery A with 80%. The individual's justification, however, favors Lottery B due to its 100% guarantee, not because it has a lower maximum probability. Therefore, while the individual considered probabilities, the reasoning provided does not align with the decision reason's rule of preferring the lower maximum probability."",
  ""final_assessment_score"": 0
}"
4,"{
  ""step_1"": ""The decision reason can be applied to the decision problem. The relevant information for the decision reason is the maximum probability of each lottery. For Lottery A, the maximum probability is 80% (0 Euros), and for Lottery B, the maximum probability is 75% (0 Euros). The decision reason prefers the lottery with the lower value of maximum probability, which would be Lottery B."",
  ""step_2"": ""The individual considered the difference in probabilities between the two lotteries and the potential winnings. They justified their choice of Lottery A by stating that the difference in probabilities between A and B was too small, and they would win more with a similar probability as B."",
  ""step_3"": ""Comparing the information relevant to the decision reason (maximum probabilities) with that considered by the individual (difference in probabilities and potential winnings), it appears that the individual did not directly consider the maximum probability of each lottery as the decision reason would. The individual's justification for choosing Lottery A does not align with the decision reason's rule of preferring the lottery with the lower maximum probability. Therefore, it seems unlikely that the individual used the decision reason to make the decision."",
  ""final_assessment_score"": 0
}"
5,"{
  ""step_1"": ""The decision reason can be applied to the decision problem. The relevant information is the maximum probability of each lottery. For Lottery A, the maximum probability is 55% (of not winning), and for Lottery B, the maximum probability is 90% (of winning)."",
  ""step_2"": ""The individual considered the potential gain from both lotteries and the associated probabilities. They justified their choice by preferring the higher gain, despite acknowledging the lower probability of achieving it compared to Lottery B."",
  ""step_3"": ""Comparing the information relevant to the decision reason (maximum probabilities) with that considered by the individual (potential gains and associated probabilities), it appears the individual did not focus on the maximum probability as the decision reason suggests. The individual's justification for the choice (preferring the higher gain despite lower probability) does not align with the decision reason's rule (preferring the lottery with the lower value of maximum probability). Therefore, it seems the individual did not use the decision reason to make the decision."",
  ""final_assessment_score"": 0
}"
6,"{
  ""step_1"": ""The decision reason can be applied to the decision problem. The relevant information is the maximum probability of each lottery. For Lottery A, the maximum probability is 99.9% (0 Euros), and for Lottery B, the maximum probability is 99.8% (0 Euros). The decision reason prefers the lottery with the lower value of maximum probability, which would be Lottery B."",
  ""step_2"": ""The individual considered the probabilities of not winning in both lotteries, noting they are almost equal. The individual's justification for the choice is based on the potential gain, choosing the higher reward (6000 Euros) because, if they were to win, it would be double the amount of Lottery B at a similar probability."",
  ""step_3"": ""Comparing the information relevant to the decision reason (maximum probability of each lottery) with that considered by the individual (probabilities of not winning and potential gains), it appears the individual did not directly consider the maximum probability as defined by the decision reason. The individual's justification focuses on the potential gain rather than the probability of the outcomes. Therefore, the decision reason's rule (preferring the lottery with the lower value of maximum probability) does not align with the individual's justification for the choice (preferring the higher potential gain due to its doubling effect at similar non-winning probabilities)."",
  ""final_assessment_score"": 0
}"
7,"{
  ""step_1"": ""The decision reason can be applied to the decision problem. The relevant information for the decision reason is the maximum probability of each lottery. For Lottery A, the maximum probability is 80% (for losing 4000 Euros), and for Lottery B, the maximum probability is 100% (for losing 3000 Euros). This information can be derived from the lotteries' outcomes and probabilities."",
  ""step_2"": ""The individual considered the difference in potential losses between the two lotteries and the probability of not losing anything in Lottery A. The individual's justification for the choice is based on the preference for the small chance of not losing anything over the certainty of losing."",
  ""step_3"": ""Comparing the information relevant to the decision reason with that considered by the individual, it appears that the individual did not directly focus on the maximum probability of each lottery as the decision reason suggests. Instead, the individual was drawn to the possibility of not losing anything in Lottery A. Comparing the decision reason's rule to the individual's justification, the individual's choice seems to be based on avoiding certain loss rather than directly comparing the maximum probabilities of the lotteries. Therefore, it seems unlikely that the decision reason was used by the individual."",
  ""final_assessment_score"": 0
}"
8,"{
  ""step_1"": ""The decision reason can be applied to the decision problem. The relevant information for the decision reason is the maximum probability of each lottery. For Lottery A, the maximum probability is 80% (for 0 Euros), and for Lottery B, the maximum probability is 75% (for 0 Euros). This information can be derived from the lotteries' outcomes and probabilities."",
  ""step_2"": ""The individual considered the potential losses and the differences in probabilities between the two lotteries. They justified their choice by mentioning that they prefer to lose less, even if the probability of losing is higher, but noted that the 5% difference in probabilities is a factor in their decision. The individual's focus is on the potential loss and the comparative probabilities of the lotteries."",
  ""step_3"": ""Comparing the information relevant to the decision reason (maximum probabilities of each lottery) with that considered by the individual (potential losses and comparative probabilities), it appears the individual did consider probabilities but focused more on the loss amount and the difference in probabilities rather than the maximum probability of each lottery as the sole criterion. The decision reason's rule (preferring the lottery with the lower value of maximum probability) does not directly align with the individual's justification, which emphasizes the preference for losing less and the impact of a 5% probability difference. Therefore, it seems the individual did not strictly follow the decision reason provided."",
  ""final_assessment_score"": 20
}"
9,"{
  ""step_1"": ""The decision reason can be applied to the decision problem. The relevant information for the decision reason is the maximum probability of each lottery. For Lottery A, the maximum probability is 90% (for losing 3000 Euros), and for Lottery B, the maximum probability is 55% (for losing 0 Euros, which means not losing)."",
  ""step_2"": ""The individual considered the probability of not losing in each lottery and justified their choice based on having a higher chance of not losing. They compared the probabilities of not losing (55% for Lottery B and 10% for Lottery A) and chose Lottery B because it offers a higher probability of not losing."",
  ""step_3"": ""The information relevant to the decision reason (maximum probability of each lottery) does not directly match the information considered by the individual (probability of not losing). However, the individual's justification for the choice (preferring the lottery with a higher chance of not losing, which indirectly relates to the lower value of the maximum probability of losing) seems to align with the spirit of the decision reason, which prefers the lottery with the lower value of maximum probability. Given this, it seems there might be some alignment but not a direct application of the decision reason as stated."",
  ""final_assessment_score"": 30
}"
10,"{
  ""step_1"": ""The decision reason can be applied to the decision problem. The relevant information for the decision reason is the maximum probability of each lottery. For Lottery A, the maximum probability is 99.8% (for 0 Euros), and for Lottery B, the maximum probability is 99.9% (for 0 Euros). This information can be derived from the lotteries' outcomes and probabilities."",
  ""step_2"": ""The individual considers the potential loss of each lottery, specifically mentioning that they would lose half as much with Lottery A as with Lottery B. They also mention the minimal difference of 0.01% in probabilities, which they are willing to accept. The individual's justification for choosing Lottery A is based on the potential loss amount and the negligible difference in probabilities."",
  ""step_3"": ""Comparing the information relevant to the decision reason (maximum probabilities) with that considered by the individual (potential loss and probability difference), it appears that the individual did not directly consider the maximum probabilities of the lotteries. The decision reason's rule prefers the lottery with the lower value of maximum probability, but the individual's justification is based on a different aspect (potential loss). However, since the individual mentions the probability difference, there might be some indirect consideration of the probabilities. Given this, it seems uncertain whether the decision reason was used or not."",
  ""final_assessment_score"": 50
}"
11,"{
  ""step_1"": ""The decision reason can be applied to the decision problem. The relevant information is the maximum probability of each lottery. For Lottery B, the maximum probability is 50% (for both outcomes). For Lottery A, the maximum probability is 100% (for the 500 Euros outcome)."",
  ""step_2"": ""The individual considered the certainty of winning in Lottery A (100% chance of winning 500 Euros) and the uncertainty of Lottery B (50% chance of winning 1000 Euros or 0 Euros). The individual's justification for the choice is that winning twice as much or losing everything seems too uncertain."",
  ""step_3"": ""Comparing the information relevant to the decision reason (maximum probability of each lottery) with that considered by the individual, we see that the individual did consider the certainty of winning in Lottery A, which is related to the maximum probability. However, the individual's justification focuses on the uncertainty of Lottery B rather than directly comparing the maximum probabilities. The decision reason's rule prefers the lottery with the lower value of maximum probability, which would be Lottery B. However, the individual chose Lottery A due to its certainty. Based on these comparisons, it seems that the individual did not directly apply the decision reason to make the decision."",
  ""final_assessment_score"": 0
}"
12,"{
  ""step_1"": ""The decision reason can be applied to the decision problem. The relevant information is the maximum probability of each lottery. For Lottery A, the maximum probability is 50% (for both outcomes), and for Lottery B, the maximum probability is 100% (for the single outcome). The decision reason prefers the lottery with the lower value of maximum probability, which would be Lottery A."",
  ""step_2"": ""The verbal report considers the possibility of not losing anything with Lottery A and weighs it against the potential loss. The individual's justification for the choice seems to focus on the potential upside of not losing anything, even though the potential loss is greater than that of Lottery B. The individual does not explicitly mention the probabilities of the outcomes but implies a consideration of the risk and potential loss."",
  ""step_3"": ""Comparing the information relevant to the decision reason (maximum probability) with that considered by the individual (possibility of not losing, potential loss), it seems the individual did not directly consider the maximum probability as stated in the decision reason. However, the individual's justification does touch upon aspects that could be tangentially related to risk assessment, albeit not in terms of maximum probability. The decision reason's rule (preferring the lottery with the lower maximum probability) does not directly align with the individual's justification (focusing on the potential upside of not losing). Based on these comparisons, it appears the individual did not explicitly use the decision reason to make the decision."",
  ""final_assessment_score"": 20
}"
13,"{
  ""step_1"": ""The decision reason can be applied to the decision problem. The relevant information for the decision reason is the maximum probability of each lottery. For Lottery A, the maximum probability is 50% (for 0 Euros), and for Lottery B, the maximum probability is 75% (for 0 Euros)."",
  ""step_2"": ""The individual considered the probability of winning and losing in both lotteries. They mentioned that with Lottery A, they have a 50% chance of winning something, even if it's less than what they could win with Lottery B. They also mentioned that the probability of losing (going out empty-handed) is too high with Lottery B. The individual's justification for their choice focuses on the comparison of the probabilities of winning and losing in both lotteries."",
  ""step_3"": ""Comparing the information relevant to the decision reason (maximum probabilities) with what the individual considered (probabilities of winning and losing), there is a match in the sense that the individual did consider probabilities. However, the decision reason specifically looks at the maximum probability of each lottery, which is not explicitly mentioned in the verbal report as the deciding factor. The individual's justification emphasizes the guaranteed chance of winning something with Lottery A and the high risk of losing with Lottery B, which aligns with considering probabilities but does not directly state a preference based on the maximum probability of each lottery. Therefore, while there are similarities, it's not a direct match."",
  ""final_assessment_score"": 30
}"
14,"{
  ""step_1"": ""The decision reason can be applied to the decision problem. The relevant information is the maximum probability of each lottery. For Lottery A, the maximum probability is 75% (for 0 Euros). For Lottery B, the maximum probability is 50% (for 0 Euros)."",
  ""step_2"": ""The individual considered the probability of not losing any money in each lottery and compared them. The individual's justification for the choice is based on the higher probability of not losing any money, which is the case for Lottery A."",
  ""step_3"": ""The information relevant to the decision reason (maximum probability of each lottery) matches the information considered by the individual (probability of not losing any money). However, the decision reason's rule (prefer the lottery with the lower value of maximum probability) does not match the individual's justification (prefer the lottery with the higher probability of not losing any money). The individual's reasoning is opposite to the decision reason."",
  ""final_assessment_score"": 0
}"
15,"{
  ""step_1"": ""The decision reason can be applied to the decision problem. The relevant information for the decision reason is the maximum probability of each lottery. For Lottery A, the maximum probability is 99.9% (for 0 Euros), and for Lottery B, the maximum probability is 100% (for 5 Euros). This information can be derived from the lotteries' outcomes and probabilities."",
  ""step_2"": ""The verbal report indicates that the individual considered the low probability of winning in Lottery A and the high difference between the outcomes. The individual also expressed doubt about actually receiving the high gain in Lottery A, which led to choosing Lottery B. The individual's justification for the choice focuses on the perceived low likelihood of winning the high amount in Lottery A and the certainty of gaining a smaller amount in Lottery B."",
  ""step_3"": ""Comparing the information relevant to the decision reason (maximum probabilities) with that considered by the individual (low probability of winning in Lottery A and the certainty of a smaller gain in Lottery B), there is a partial overlap in that the individual does consider the probability aspect. However, the decision reason specifically looks at the maximum probability of each lottery to make a decision, which is not explicitly mentioned in the verbal report. The individual's justification is more aligned with the attractiveness and certainty of the outcomes rather than directly comparing the maximum probabilities of the lotteries. Therefore, while there are elements of probability consideration, the direct application of the decision reason as stated is not clearly evident in the verbal report."",
  ""final_assessment_score"": 20
}"
16,"{
  ""step_1"": ""The decision reason can be applied to the decision problem. The relevant information is the maximum probability of each lottery. For Lottery B, the maximum probability is 99.9% (for 0 Euros), and for Lottery A, the maximum probability is 100% (for -5 Euros)."",
  ""step_2"": ""The individual considered the high probability of not losing anything (0 Euros) in Lottery B and compared it to the certain loss of 5 Euros in Lottery A. The individual's justification for the choice focuses on the high probability of not losing anything, indicating a preference for avoiding loss when the probability of that loss is very low."",
  ""step_3"": ""Comparing the information relevant to the decision reason (maximum probability of each lottery) with that considered by the individual (high probability of not losing in Lottery B), it appears the individual did consider the probabilities. However, the decision reason's rule (preferring the lottery with the lower value of maximum probability) does not directly align with the individual's justification, which emphasizes avoiding loss due to high probability rather than comparing the maximum probabilities directly. The individual's reasoning seems to prioritize avoiding a certain loss over the comparison of maximum probabilities between the two lotteries."",
  ""final_assessment_score"": 20
}"
17,"{
  ""step_1"": ""The decision reason can be applied to the decision problem. The relevant information for the decision reason is the maximum probability of each lottery. For Lottery A, the maximum probability is 50% (for both outcomes), and for Lottery B, the maximum probability is 100% (for the single outcome of 1500 Euros). The decision reason prefers the lottery with the lower value of maximum probability, which in this case would be Lottery A."",
  ""step_2"": ""The individual considered the certainty of winning in Lottery B (100% chance of winning 1500 Euros) and the risk of losing the same amount in Lottery A (50% chance of losing 3000 Euros). The individual's justification for choosing Lottery B was the certainty of winning, indicating that the risk of losing in Lottery A was too high."",
  ""step_3"": ""Comparing the information relevant to the decision reason (maximum probability of each lottery) with that considered by the individual (certainty of winning in Lottery B and risk of losing in Lottery A), it appears that the individual did not directly consider the maximum probability as defined by the decision reason. However, the individual's focus on the certainty of winning in Lottery B indirectly relates to the concept of probability. The decision reason's rule (preferring the lottery with the lower maximum probability) does not align with the individual's justification (preferring the certain win over the risk of loss). Based on these comparisons, it seems the individual did not use the decision reason as defined to make the decision."",
  ""final_assessment_score"": 0
}"
18,"{
  ""step_1"": ""The decision reason can be applied to the decision problem. The relevant information is the maximum probability of each lottery. For Lottery A, the maximum probability is 100% (for the outcome of 2000 Euros). For Lottery B, the maximum probability is 50% (for both outcomes of 3000 Euros and -3000 Euros). The decision reason prefers the lottery with the lower value of maximum probability, which would be Lottery B."",
  ""step_2"": ""The individual considered the certainty of winning in Lottery A (100% probability) and compared it to the potential gains and losses of Lottery B, mentioning that the difference between the gains of A and B seems too small. The individual's justification for choosing Lottery A is based on taking the 'sicheren Weg' (safe way) due to the 100% chance of winning, implying a preference for certainty over the potential higher gain but also potential loss in Lottery B."",
  ""step_3"": ""Comparing the information relevant to the decision reason (maximum probability of each lottery) with that considered by the individual (certainty of winning and comparison of potential gains), it seems the individual did not directly consider the maximum probability as the decision reason suggests. The individual's justification focuses on the certainty and the perceived small difference in gains, not explicitly on comparing the maximum probabilities of the lotteries. Therefore, it does not align with the decision reason's rule to prefer the lottery with the lower maximum probability. The individual's decision-making process, as described, does not indicate the use of the decision reason regarding maximum probabilities."",
  ""final_assessment_score"": 0
}"
19,"{
  ""step_1"": ""The decision reason can be applied to the decision problem. The maximum probability of Lottery A is 50% (for both outcomes) and the maximum probability of Lottery B is 100%. The relevant information for the decision reason is: Lottery A has a maximum probability of 50% and Lottery B has a maximum probability of 100%. According to the decision reason, Lottery A is preferred because it has a lower maximum probability."",
  ""step_2"": ""The individual considered the 50% loss of Lottery A as a significant factor in their decision. The individual's justification for choosing Lottery B is that the potential 50% loss of Lottery A was too high. The described deliberation process focuses on the risk associated with Lottery A."",
  ""step_3"": ""Comparing the information relevant to the decision reason with that considered by the individual, it appears that the individual did not directly consider the maximum probability of each lottery. However, the individual's concern about the 50% loss of Lottery A implies an awareness of the probability. Comparing the decision reason's rule to the individual's justification, it seems that the individual's decision is based on a related but distinct consideration (risk aversion) rather than the specific rule of preferring the lottery with the lower maximum probability. Based on these comparisons, it is uncertain whether the individual used the decision reason to make the decision."",
  ""final_assessment_score"": 50
}"
20,"{
  ""step_1"": ""The decision reason can be applied to the decision problem. The information relevant to the decision reason is the maximum probability of each lottery. For Lottery A, the maximum probability is 50% (for both outcomes), and for Lottery B, the maximum probability is 100% (for the outcome of 0 Euros)."",
  ""step_2"": ""The individual considered the certainty of not winning anything with Lottery B and the risk of winning or losing with Lottery A. The individual's justification for the choice seems to be based on the willingness to take a risk to potentially win money, rather than choosing the certain outcome of not winning anything."",
  ""step_3"": ""Comparing the information relevant to the decision reason with that considered by the individual, it appears that the individual did not explicitly consider the maximum probability of each lottery. The individual's justification for the choice does not directly mention the comparison of probabilities. However, the individual's focus on the risk of winning or losing with Lottery A and the certainty of not winning with Lottery B indirectly relates to the concept of probability. Based on these comparisons, it seems uncertain whether the individual used the decision reason to make the decision."",
  ""final_assessment_score"": 50
}"
