problemID,response
1,"{
  ""step_1"": ""The decision reason evaluates the difference between the minimum and maximum probability within each lottery. For Lottery A: the probability of winning 2400 Euros is 100%, so the minimum and maximum probabilities are both 100%. The difference is 100% - 100% = 0%. For Lottery B: the probabilities are 33%, 66%, and 1%. The minimum probability is 1%, the maximum is 66% (note: 66% is the highest single outcome probability; 33% is for 2500, 66% for 2400, and 1% for 0). The difference is 66% - 1% = 65%. The reason prefers the lottery with the smaller difference. Since 0% (A) < 65% (B), the reason would prefer Lottery A. Thus, the reason can be applied to this decision problem."",
  ""step_2"": ""The individual describes the process of uncovering outcomes from top-left to bottom-left and then top-right to bottom-right, which may refer to a visual presentation of the lotteries. The key consideration mentioned is that in Lottery B, there is a 99% chance of earning at least as much as in Lottery A (which pays 2400 Euros for sure). Specifically, in Lottery B, the outcomes of 2500 Euros (33%) and 2400 Euros (66%) both meet or exceed 2400 Euros, totaling 33% + 66% = 99%. The individual states they would take the risk, implying a justification based on the high probability (99%) of not doing worse than the certain outcome in A. The individual focuses on the likelihood of achieving at least the A payoff, not on the spread of probabilities within a lottery."",
  ""step_3"": ""The decision reason focuses on the internal spread of probabilities within each lottery (i.e., difference between max and min probability of outcomes in the same lottery). However, the individual does not mention or consider this spread. Instead, they focus on the cumulative probability (99%) of achieving at least the outcome of Lottery A when choosing Lottery B. Their justification is based on a 'satisficing' or 'at-least-as-good' reasoning, not on the dispersion of probabilities. There is no mention of comparing how spread out the probabilities are within a lottery, which is central to the decision reason. Therefore, the information and rule used by the individual differ fundamentally from those required by the decision reason. The reason was not used."",
  ""final_assessment_score"": 0
}"
2,"{
  ""step_1"": ""The decision reason evaluates the difference between the minimum and maximum probability within each lottery. For Lottery A: probabilities are 34% and 66%, so the difference is |66% - 34%| = 32%. For Lottery B: probabilities are 33% and 67%, so the difference is |67% - 33%| = 34%. The reason prefers the lottery with the smaller difference, which is Lottery A (32% < 34%). Thus, the reason can be applied to the decision problem and would lead to a preference for Lottery A."",
  ""step_2"": ""The verbal report describes the individual's process of uncovering outcomes (likely from a display layout: 'links oben', 'links unten', etc.), suggesting a visual or sequential inspection of the lotteries. The individual then compares event 1 of A and B ('A E1 mit B E1 verglichen'). They note a 1% difference in probabilities (likely referring to the higher outcome probabilities: 34% vs 33%) and judge this difference as not large enough to justify accepting 100€ less (since 2400€ < 2500€). The justification centers on a trade-off between a small increase in probability (1%) and a monetary loss of 100€, indicating a focus on marginal changes in probability and their monetary compensation. The individual appears to prioritize monetary outcomes relative to small probability changes, but does not mention the range of probabilities within a lottery or compare internal probability spreads."",
  ""step_3"": ""The decision reason focuses on the internal probability spread (max - min probability) within each lottery. However, the individual's report shows they compared specific events (likely the high-outcome events) across lotteries, focusing on a 1% probability difference and its monetary trade-off. There is no mention of the full probability distributions, the range of probabilities, or a comparison of how balanced or dispersed the probabilities are within each lottery. The individual’s justification is based on a marginal rate of substitution between money and probability, not on the variability or spread of probabilities within a lottery. Therefore, the information considered and the decision rule used by the individual do not align with the decision reason. The reason was not used."",
  ""final_assessment_score"": 10
}"
3,"{
  ""step_1"": ""The decision reason evaluates the difference between the minimum and maximum probability within each lottery. For Lottery A: the probability is 100% for 3000 Euros, so the minimum and maximum probabilities are both 100%; the difference is 0%. For Lottery B: the probabilities are 80% and 20%, so the difference between the maximum and minimum probability is 60%. The reason prefers the lottery with the smaller difference in probabilities, which is Lottery A (0% vs. 60%). Therefore, the decision reason can be applied to this decision problem and would lead to a preference for Lottery A."",
  ""step_2"": ""The verbal report indicates that the individual first 'revealed everything' (possibly meaning they reviewed all outcomes), then compared the last two probabilities (likely referring to the 80% and 20% in Lottery B, or a comparison between the certain 100% in A and the uncertain probabilities in B). The individual states that 3000 Euros is already a sufficiently attractive amount and expresses unwillingness to risk a worse probability for just 1000 Euros more. This suggests the individual values the certainty of 3000 Euros and avoids the risk in Lottery B. The justification centers on risk aversion and satisfaction with a sure, sufficient amount, rather than on structural features like the spread of probabilities."",
  ""step_3"": ""The decision reason focuses on the range of probabilities within each lottery (i.e., max minus min probability), which is a structural comparison. The individual, however, focuses on the sufficiency of the guaranteed outcome and expresses reluctance to trade certainty for a higher but uncertain gain. There is no mention of or reference to the spread or range of probabilities within a lottery. While both the reason and the individual prefer Lottery A, the justification is based on risk aversion and subjective value of the amount, not on analyzing the probability structure. Therefore, the reasoning process described does not align with the specified decision reason. The information considered (sufficiency of 3000, aversion to worsening odds) differs from the reason's focus (probability range)."",
  ""final_assessment_score"": 20
}"
4,"{
  ""step_1"": ""The decision reason evaluates the difference between the minimum and maximum probability within each lottery. For Lottery A: probabilities are 25% and 75%, so the difference is |75% - 25%| = 50%. For Lottery B: probabilities are 20% and 80%, so the difference is |80% - 20%| = 60%. The reason prefers the lottery with the smaller difference, which is Lottery A (50% < 60%). Thus, the decision reason is applicable to the decision problem and would lead to a preference for Lottery A."",
  ""step_2"": ""The individual mentions comparing the two outcomes (‘Die beiden Ergebnisse 2 verglichen’), though the phrasing is ambiguous. They state a preference for taking more risk to win more, indicating a willingness to accept lower probability for a higher reward. They explicitly note that a 5% higher probability (likely referring to Lottery A's 25% vs. B's 20% for the positive outcome) is not sufficient to justify accepting 1000 Euros less (3000 vs. 4000). The justification centers on a trade-off between risk and reward, favoring higher potential gain despite lower probability, and expresses a deliberate choice to accept more risk for more gain. The individual appears to focus on the magnitude of the outcomes and the relative probabilities of winning, but not on the spread or range of probabilities within each lottery."",
  ""step_3"": ""The decision reason focuses on the internal probability range (difference between max and min probability) of each lottery, preferring the one with less variation in its outcome probabilities. However, the individual’s reasoning focuses on the trade-off between potential reward and risk, specifically preferring a higher reward even with a slightly lower chance, and explicitly rejecting a small probability gain for a large monetary loss. There is no mention of, or reference to, the spread of probabilities within a lottery. The individual’s justification is outcome-oriented and risk-reward based, not structure-oriented (i.e., not based on probability dispersion). Therefore, the reasoning process described does not align with the decision reason in focus. The information considered (outcome size and winning chance) and the justification (preference for higher reward despite risk) differ from the reason’s focus on probability range. There is no evidence the individual computed or considered the difference between minimum and maximum probabilities within each lottery."",
  ""final_assessment_score"": 10
}"
5,"{
  ""step_1"": ""The decision reason evaluates the difference between the minimum and maximum probability within each lottery. For Lottery A: probabilities are 45% and 55%, so the difference is |55% - 45%| = 10%. For Lottery B: probabilities are 90% and 10%, so the difference is |90% - 10%| = 80%. The reason prefers the lottery with the smaller difference, which is Lottery A (10% vs 80%). Thus, the decision reason can be applied to the decision problem, and it would lead to a preference for Lottery A."",
  ""step_2"": ""The verbal report is in German and translates to: 'Everything revealed from top left to bottom left, then from top right to bottom right. Again; rather a safe, smaller amount than risking getting nothing.' The individual appears to describe the visual presentation of the options (possibly in an experimental setting) and then expresses a preference for a 'safe, smaller amount' over risk, particularly the risk of getting nothing. The justification centers on risk aversion and avoiding the possibility of zero payoff. The individual emphasizes security over higher potential gains, indicating a concern about the worst possible outcome (0 Euros) and a preference for avoiding that outcome. The focus is on outcome security, not on the spread or range of probabilities."",
  ""step_3"": ""The decision reason focuses on the internal probability spread of each lottery (difference between max and min probability), which is a structural feature of the lottery's probability distribution. The individual, however, bases their reasoning on outcome security—specifically, avoiding the possibility of receiving nothing—and expresses a preference for a 'safe, smaller amount.' This reflects a concern with outcome certainty and risk aversion, particularly regarding the zero outcome, rather than the range of probabilities. There is no mention of or reference to the probabilities' distribution or their relative spread. The justification is outcome-focused (especially avoiding zero), not probability-structure-focused. Therefore, while both the reason and the individual may lead to choosing Lottery B (which has a high chance of 3000), the underlying rationale differs: the decision reason would favor Lottery A, whereas the individual seems to favor security, possibly aligning more with Lottery B's 90% chance. However, the individual’s reasoning does not align with the specific criterion of comparing min-max probability differences. The information considered (risk of zero) and the justification (preference for safety) do not match the decision reason’s basis."",
  ""final_assessment_score"": 20
}"
6,"{
  ""step_1"": ""The decision reason evaluates the difference between the minimum and maximum probability within each lottery. For Lottery A: probabilities are 0.2% and 99.8%, so the difference is 99.8% - 0.2% = 99.6%. For Lottery B: probabilities are 0.1% and 99.9%, so the difference is 99.9% - 0.1% = 99.8%. The reason prefers the lottery with the smaller difference, which is Lottery A (99.6% < 99.8%). Thus, the decision reason can be applied to the decision problem, and it would lead to a preference for Lottery A."",
  ""step_2"": ""The individual's verbal report states: 'Alles aufgedeckt. Dann die zwei Ergebnisse 2 verglichen; wie vorhin auch: Die Wahrscheinlichkeit ist derart gering, dass ich die 3k treffe, dass ich dann auch gleich die 6k nehmen kann.' Translation: 'Everything revealed. Then compared the two outcomes again, as before: The probability is so low that I hit the 3k, that I might as well take the 6k.' The individual focuses on the very low probability of winning and compares the two outcomes. They justify choosing the higher amount (6000 Euros) because the probability of winning either prize is perceived as similarly negligible. Thus, they opt for the larger reward given the assumed near-identical chance. The deliberation centers on outcome magnitude under perceived negligible probabilities, not on the spread or range of probabilities within each lottery."",
  ""step_3"": ""The decision reason focuses on the internal probability range (difference between max and min probability) of each lottery, preferring the one with the smaller spread (Lottery A). However, the individual does not mention or consider the probability ranges or their differences. Instead, they reason that since the chances of winning are extremely low in both cases, they might as well go for the higher reward (6000 Euros), which reflects a 'why not go for the bigger prize if chances are tiny anyway' mindset. This reasoning is outcome-focused and based on perceived similarity in low probabilities, not on comparing the internal structure of probabilities within each lottery. There is no evidence that the individual calculated or considered the difference between minimum and maximum probabilities. Therefore, the information and rule underlying the decision reason are not reflected in the individual's deliberation."",
  ""final_assessment_score"": 10
}"
7,"{
  ""step_1"": ""The decision reason evaluates the difference between the minimum and maximum probability within each lottery. For Lottery A: probabilities are 80% and 20%, so the difference is |80% - 20%| = 60%. For Lottery B: the probability is 100% (only one outcome), so the difference between min and max probability is |100% - 100%| = 0%. The reason prefers the lottery with the smaller difference. Since 0% < 60%, the reason would prefer Lottery B. Thus, the decision reason is applicable to the decision problem and leads to a preference for Lottery B."",
  ""step_2"": ""The individual describes uncovering information from top-left to bottom-left and then top-right to bottom-right, suggesting a process of reviewing the outcomes and probabilities of both lotteries. The individual explicitly mentions focusing on the probability of Lottery A, noting that '80% Verlustwahrscheinlichkeit ist doch recht hoch' (80% probability of loss is quite high) and expresses a preference for being able to 'lieber mit einem festen Verlust rechnen können' (rather plan for a fixed loss). This indicates that the individual considered the uncertainty in Lottery A and favored the certainty of Lottery B. The justification centers on aversion to high probability of loss and preference for a guaranteed (certain) outcome, rather than analyzing probability ranges or differences in probabilities per se."",
  ""step_3"": ""The decision reason focuses on the spread between the minimum and maximum probabilities within each lottery as a criterion for choice. The individual does consider probabilities and contrasts the 80% chance of loss in Lottery A with the certainty in Lottery B, but there is no indication that they computed or attended to the range (difference) of probabilities within a lottery. Instead, the justification is based on a preference for certainty and aversion to a high-probability loss, which aligns more with risk aversion or a certainty effect than with the specific rule of minimizing the difference between min and max probabilities. While both the reason and the individual favor Lottery B, the underlying rationale differs in kind. The individual did not use the probability range rule explicitly or implicitly in a way that matches the decision reason. Therefore, it is unlikely the specific reason was used."",
  ""final_assessment_score"": 20
}"
8,"{
  ""step_1"": ""The decision reason evaluates the difference between the minimum and maximum probability within each lottery. For Lottery A: probabilities are 25% and 75%, so the difference is |75% - 25%| = 50%. For Lottery B: probabilities are 20% and 80%, so the difference is |80% - 20%| = 60%. The reason prefers the lottery with the smaller difference between its minimum and maximum probability. Since 50% < 60%, the reason would prefer Lottery A. Thus, the decision reason can be applied to the decision problem, and it favors Lottery A."",
  ""step_2"": ""The individual mentions comparing 'A E1' and 'B E2' (likely referring to the two lotteries). They state they ultimately decided for Lottery B, justifying this by saying that 'the difference amount to A E1 is not so high, but the probability of losing is lower'. The individual considers the loss probability (i.e., the chance of getting a negative outcome) and compares it between the lotteries. They value the lower chance of losing in Lottery B despite a relatively small difference in what they call the 'Differenzbetrag' (difference amount), which may refer to the monetary or probabilistic difference. Their justification centers on the lower risk of a negative outcome (i.e., lower probability of loss) rather than the spread between the probabilities within a lottery."",
  ""step_3"": ""The decision reason focuses on the internal probability spread (difference between max and min probability) of each lottery and prefers the one with the smaller spread (Lottery A). However, the individual considers the probability of losing (i.e., the 20% vs 25% chance of a negative outcome) and finds Lottery B preferable due to its lower loss probability. The individual does not mention or appear to consider the spread of probabilities within each lottery (50% vs 60%). Instead, their focus is on cross-lottery comparison of loss probabilities. Therefore, the information considered and the justification used by the individual do not align with the decision reason. There is no evidence that the individual computed or used the difference between maximum and minimum probabilities within a lottery. Thus, it is unlikely the decision reason was used."",
  ""final_assessment_score"": 10
}"
9,"{
  ""step_1"": ""The decision reason evaluates the difference between the minimum and maximum probability within each lottery and prefers the lottery with the smaller difference. For Lottery A: probabilities are 45% and 55%, so the difference is |55% - 45%| = 10%. For Lottery B: probabilities are 90% and 10%, so the difference is |90% - 10%| = 80%. The reason would prefer Lottery A because 10% < 80%. Thus, the reason can be applied to the decision problem, and it clearly favors Lottery A."",
  ""step_2"": ""The verbal report describes the individual's eye movements ('von links oben zu links unten und dann von rechts oben nach rechts unten aufgedeckt') and a re-examination of Lottery A's first outcome ('A E1 betrachtet'). The individual then states: 'Könnte erneut eher 3k Verlust verschmerzen als 6k. Auch wenn die Wahrscheinlichkeit auf 3k höher ist.' This translates to: 'I could again tolerate a 3k loss more easily than a 6k loss, even though the probability of the 3k loss is higher.' The individual focuses on the magnitude of the losses and their psychological tolerance for a 3k loss versus a 6k loss, despite acknowledging the higher probability of the 3k loss in Lottery B. The justification is based on loss severity and personal tolerance, not on the spread or range of probabilities within a lottery."",
  ""step_3"": ""The decision reason relies on comparing the internal probability range (max - min probability) of each lottery, favoring the one with less variation in probabilities. The individual, however, considers the size of the potential losses and expresses a preference based on emotional or cognitive tolerance for loss magnitude, explicitly noting that the higher probability of a 3k loss does not outweigh their ability to 'tolerate' it better than a 6k loss. There is no mention of, or apparent attention to, the spread of probabilities within each lottery. The information considered (loss amounts and personal tolerance) and the justification (subjective loss aversion) are unrelated to the probability range comparison. Therefore, the decision reason was not used in the deliberation."",
  ""final_assessment_score"": 0
}"
10,"{
  ""step_1"": ""The decision reason evaluates the difference between the minimum and maximum probability within each lottery. For Lottery A, the probabilities are 0.1% and 99.9%, so the difference is 99.8%. For Lottery B, the probabilities are 0.2% and 99.8%, so the difference is also 99.6%. The reason prefers the lottery with the smaller difference. Here, Lottery B has a slightly smaller difference (99.6% vs. 99.8%), so the reason would prefer Lottery B. The relevant information (probabilities) is fully available in the decision problem, so the reason can be applied."",
  ""step_2"": ""The individual describes uncovering information from 'top-left to bottom-left, then top-right to bottom-right' and repeating it, suggesting a visual inspection of the lottery structure. The justification for the decision focuses on the potential loss: '6k.. auch wenn die Wahrscheinlichkeit sehr gering ist, zu verlieren wäre für mich zu viel' (6k... even though the probability of losing is very low, it would be too much for me). This indicates that the individual is primarily concerned with the magnitude of the possible loss (-6000 Euros), not the distribution or spread of probabilities. The deliberation centers on risk aversion to large losses, not on comparing probability ranges."",
  ""step_3"": ""The decision reason focuses on the spread between the minimum and maximum probabilities of each lottery, which is a structural feature of the probability distribution. However, the individual's verbal report shows concern about the potential loss amount (-6000 Euros), not the probabilities' range. There is no mention of comparing probability spreads or noting that one lottery has more balanced probabilities than the other. The justification is based on the emotional or financial impact of the worst outcome, not on probabilistic structure. Therefore, the information considered and the reasoning rule used by the individual do not align with the decision reason. The individual did not use the probability spread rule."",
  ""final_assessment_score"": 10
}"
11,"{
  ""step_1"": ""The decision reason evaluates the difference between the minimum and maximum probability within each lottery. For Lottery A, the probabilities are 50% and 50%, so the difference between the maximum (50%) and minimum (50%) is 0%. For Lottery B, the probability is 100%, so the difference between max and min is also 0% (since there is only one outcome). Thus, both lotteries have a probability range (max - min) of 0%, meaning the decision reason would be indifferent between them. However, note that the reason focuses on internal probability variation within each lottery, not between lotteries. The reason can be applied because the required probability information is fully available."",
  ""step_2"": ""The individual describes uncovering outcomes from top-left to bottom-left, then top-right to bottom-right—possibly referring to a visual layout of the lotteries. They then re-examined the probability of B, noting that 500€ is certain and could be invested to potentially grow to 1000€. They contrast this with Lottery A, where there is only a 50% chance of getting 1000€. The justification centers on the certainty of 500€ in B and its potential future value through investment, compared to the risk of getting nothing in A. The individual values the guaranteed outcome and its downstream opportunities, not the spread of probabilities within a lottery."",
  ""step_3"": ""The decision reason focuses on the internal spread of probabilities within each lottery (max - min probability), which is 0% for both A and B, leading to indifference. The individual, however, focuses on the certainty of outcome in B (100% chance of 500€) versus the risk in A (50% chance of 1000€), and further justifies the choice based on what could be done with the guaranteed money. This reflects a preference for certainty and potential future gains, not an evaluation of probability ranges within lotteries. There is no mention or use of the concept of variation in probabilities within a lottery. Therefore, the decision reason’s informational focus and decision rule are not reflected in the individual’s reasoning."",
  ""final_assessment_score"": 10
}"
12,"{
  ""step_1"": ""The decision reason evaluates the difference between the minimum and maximum probability within each lottery. For Lottery A: both the minimum and maximum probabilities are 100% (since it has a single outcome), so the difference is |100% - 100%| = 0%. For Lottery B: the probabilities are 50% and 50%, so the difference is |50% - 50%| = 0%. Thus, both lotteries have the same difference (0%), and the decision reason would be indifferent between them. The reason can be applied to the decision problem, as the required probability information is fully available."",
  ""step_2"": ""The individual describes uncovering outcomes from top-left to bottom-left and then top-right to bottom-right, suggesting a sequential presentation of outcomes. The key justification is: 'Ich nutze lieber mein Glück zu 50% nichts zu verlieren als ganz sicher 500€ zu verlieren' ('I'd rather use my luck to have a 50% chance of losing nothing than to certainly lose 500€'). This indicates the individual focused on the possibility of avoiding a loss (i.e., getting 0€) in Lottery B compared to the certainty of losing 500€ in Lottery A. The deliberation centers on the emotional or strategic appeal of gambling to avoid a sure loss, emphasizing the 50% chance of a better outcome in B versus the sure negative outcome in A."",
  ""step_3"": ""The decision reason focuses on the range of probabilities within each lottery (max - min probability), which is 0% for both lotteries, leading to indifference. However, the individual does not mention or appear to consider the spread of probabilities within a lottery. Instead, the justification is based on preferring a 50% chance of a better outcome (0€) over a sure loss, which reflects a preference for risk-seeking in the domain of losses and a focus on outcome magnitudes and their valence (loss avoidance), not on the internal probability structure of the lottery. There is no evidence that the individual computed or considered the difference between maximum and minimum probabilities within each lottery. Therefore, the cognitive process described does not align with the decision reason."",
  ""final_assessment_score"": 0
}"
13,"{
  ""step_1"": ""The decision reason can be applied to the decision problem. For Lottery A, the probabilities are 25% (4000€), 25% (2000€), and 50% (0€). The minimum probability is 25%, and the maximum is 50%, so the difference is 25%. For Lottery B, the probabilities are 25% (6000€) and 75% (0€). The minimum probability is 25%, and the maximum is 75%, so the difference is 50%. The reason prefers the lottery with the smaller difference between the minimum and maximum probability, which is Lottery A (25% vs. 50%)."",
  ""step_2"": ""The individual reports: 'Alles aufgedeckt. Dann überlegt wo ich am wahrscheinlichsten gewinnen könnte -> A. Da ich zu 50% zumindest eine hübsche Summe gewinnen könnte :)' This translates to: 'All revealed. Then I considered where I am most likely to win -> A. Because I could win at least a nice amount with 50% probability :)'. The individual focuses on the 50% chance in Lottery A to win either 4000€ or 2000€ (together, a 50% chance of winning something above zero, and specifically a 'nice sum'). The justification centers on the likelihood of winning a desirable amount, emphasizing the 50% probability of a positive outcome in Lottery A. The individual does not mention probabilities of individual outcomes in comparative terms or discuss the spread or range of probabilities."",
  ""step_3"": ""The decision reason focuses on the difference between the maximum and minimum probabilities within each lottery (a measure of probability dispersion). The individual, however, focuses on the cumulative chance of achieving a 'nice sum' (i.e., any positive outcome, especially emphasizing the 50% chance of winning 4000€ or 2000€). The information considered by the individual (chance of winning a desirable amount) differs from the information required by the decision reason (range of probabilities across outcomes). The justification is outcome-oriented and satisfaction-based ('am wahrscheinlichsten gewinnen', 'hübsche Summe'), not structural in terms of probability distribution spread. There is no indication that the individual assessed the range of probabilities within a lottery. Therefore, while both involve probabilities, the nature of the comparison is fundamentally different. The decision reason is not reflected in the reported thought process."",
  ""final_assessment_score"": 20
}"
14,"{
  ""step_1"": ""The decision reason can be applied to the decision problem. For Lottery A: the probabilities are 25% and 75%, so the minimum probability is 25%, the maximum is 75%, and the difference is 50%. For Lottery B: the probabilities are 25%, 25%, and 50%, so the minimum is 25%, the maximum is 50%, and the difference is 25%. The decision reason prefers the lottery with the smaller difference between the minimum and maximum probability. Here, Lottery B has a smaller difference (25%) compared to Lottery A (50%), so the reason would prefer Lottery B."",
  ""step_2"": ""The individual considers the financial consequences of each possible loss and how long it would take to recover each amount (6,000, 4,000, or 2,000 Euros) if lost. The individual acknowledges that Lottery B has a higher probability of a loss (50% chance of losing either 4,000 or 2,000) but emphasizes that the loss amounts are smaller and more bearable. The justification focuses on the recoverability and emotional/financial tolerability of the potential losses, not on the spread or range of probabilities. The individual does not mention or reflect on the probabilities' distribution range or compare the minimum and maximum probabilities of the lotteries."",
  ""step_3"": ""The decision reason focuses on the range (difference between minimum and maximum) of probabilities within each lottery, which is not mentioned or implied in the verbal report. The individual instead focuses on the magnitude of monetary losses and their personal capacity to recover from them. There is no evidence that the individual considered the spread of probabilities or used it as a basis for comparison. The justification is grounded in loss severity and personal financial resilience, not probabilistic structure. Therefore, the decision reason based on probability range is not reflected in the deliberation. The information relevant to the reason (probability ranges) was not considered, and the justification rule (smaller probability range preferred) does not match the individual’s stated reasoning (smaller, more bearable losses preferred despite higher loss probability)."",
  ""final_assessment_score"": 10
}"
15,"{
  ""step_1"": ""The decision reason evaluates the difference between the minimum and maximum probability within each lottery. For Lottery A: the outcome is certain (5 Euros with 100% probability), so the minimum and maximum probabilities are both 100%, and their difference is 0%. For Lottery B: the probabilities are 0.1% (for 5000 Euros) and 99.9% (for 0 Euros), so the difference between the maximum and minimum probability is 99.8%. The reason prefers the lottery with the smaller difference in probabilities, which is Lottery A (0% vs. 99.8%). Thus, the decision reason can be applied to the decision problem, and it would lead to a preference for Lottery A."",
  ""step_2"": ""The individual reports having looked at the options ('Alles aufgedeckt. Dann die Wahrscheinlichkeiten betrachtet') and then deciding for Lottery A. The justification given is a preference for going home with some money rather than possibly none: 'da ich lieber mit etwas wenig Geld, als gar keinem Geld nach Hause gehen möchte'. This indicates a risk-averse motivation focused on avoiding the possibility of receiving nothing. The individual mentions having considered the probabilities, but the core of the justification centers on outcome security (avoiding zero payoff) rather than a comparison of probability ranges or dispersion within each lottery."",
  ""step_3"": ""The decision reason focuses on the internal spread of probabilities within each lottery (i.e., difference between max and min probability), which is a structural feature of the lottery's probability distribution. The individual does mention considering probabilities, but the justification is based on the desire to avoid getting nothing, which reflects a concern with outcome security rather than the dispersion of probabilities. The reasoning is more aligned with a 'sure-thing' or minimax-type logic (avoiding the worst outcome) rather than evaluating the homogeneity of probabilities. There is no indication that the individual computed or compared the range of probabilities within each lottery. Therefore, while both the decision reason and the individual's choice favor Lottery A, the underlying rationale differs. The individual’s reasoning does not align with the specific rule of the decision reason."",
  ""final_assessment_score"": 20
}"
16,"{
  ""step_1"": ""The decision reason evaluates the difference between the minimum and maximum probability within each lottery. For Lottery A: the outcome (-5 Euros) occurs with 100% probability, so the minimum and maximum probabilities are both 100%, and their difference is 0%. For Lottery B: the outcomes occur with 0.1% and 99.9% probabilities, so the difference between the maximum and minimum probabilities is 99.8%. The reason prefers the lottery with the smaller difference, which is Lottery A (0% difference vs. 99.8%). Thus, the decision reason can be applied to the decision problem, and it would lead to a preference for Lottery A."",
  ""step_2"": ""The individual's verbal report indicates that they are considering the high likelihood of the 0 Euro outcome in Lottery B ('B E2 ist sehr wahrscheinlich, daher würde ich hierzu tendieren'). They acknowledge the small chance of losing 5000 Euros but downplay its significance by stating they could recover that loss. The justification centers on the high probability of a neutral outcome in B and a willingness to accept the risk of a large loss due to its low probability. The individual does not mention or reflect on the range or spread of probabilities within each lottery, nor do they compare structural features like the difference between minimum and maximum probabilities. Their focus is on the likelihood of the best outcome in B and risk tolerance, not on the dispersion of probabilities."",
  ""step_3"": ""The decision reason relies on comparing the internal probability spread of each lottery, which is not mentioned or implied in the verbal report. The individual focuses instead on the high probability of a favorable outcome in Lottery B and personal risk resilience. There is no evidence that they computed or considered the difference between minimum and maximum probabilities within a lottery. The information used by the individual (likelihood of best outcome, acceptability of rare loss) is unrelated to the structural feature emphasized by the decision reason. Therefore, the decision reason was not used in the deliberation process."",
  ""final_assessment_score"": 0
}"
17,"{
  ""step_1"": ""The decision reason evaluates the difference between the minimum and maximum probability within each lottery. For Lottery A: the outcome is 1500 Euros with 100% probability, so the minimum and maximum probabilities are both 100%, resulting in a difference of 0%. For Lottery B: there are two outcomes, each with 50% probability, so the minimum and maximum probabilities are 50%, and their difference is 0% (50% - 50% = 0%). Thus, both lotteries have the same difference (0%) between minimum and maximum probability. The decision reason would therefore be indifferent between Lottery A and Lottery B."",
  ""step_2"": ""The individual describes uncovering information from top-left to bottom-left and then top-right to bottom-right, suggesting a process of reviewing the lotteries' outcomes. They specifically recall the probability of losing, indicating attention to the risk of negative outcomes. The justification centers on preferring the certainty of holding 1,500 Euros in hand (Lottery A) over the possibility of a 3,000 Euro loss (Lottery B). This reflects a risk-averse preference based on avoiding potential loss and valuing certainty, rather than comparing probabilities in terms of their range or dispersion."",
  ""step_3"": ""The decision reason focuses on the range of probabilities within each lottery (difference between min and max probability), but both lotteries have no internal variation in probabilities (A has one outcome at 100%, B has two at 50% each), so the reason yields indifference. The individual, however, emphasizes the certainty of gain in A and the fear of loss in B, focusing on outcome security and loss aversion. There is no mention of comparing probability ranges or internal probability variation across outcomes. The justification is based on emotional and risk-averse reasoning tied to outcomes, not structural probability comparison. Therefore, the decision reason does not align with the information considered or the justification provided."",
  ""final_assessment_score"": 10
}"
18,"{
  ""step_1"": ""The decision reason evaluates the difference between the minimum and maximum probability within each lottery. For Lottery A, both the minimum and maximum probabilities are 100% (since it is a sure outcome), so the difference is 0%. For Lottery B, the minimum probability is 50% and the maximum is 50% (both outcomes have equal probability), so the difference is also 0%. Therefore, both lotteries have the same difference (0%), and the reason would be indifferent between them. However, the reason is still applicable because the required probability information is available."",
  ""step_2"": ""The individual describes uncovering outcomes from top-left to bottom-left and then top-right to bottom-right, which may refer to a visual presentation of the lotteries. The key justification is the German proverb: 'Lieber den Spatz in der Hand als die Taube auf'm Dach' (Better the sparrow in the hand than the pigeon on the roof), indicating a preference for a certain, smaller gain over a risky, potentially larger one. The individual explicitly values having a smaller amount with certainty over risking a loss, emphasizing security and aversion to potential losses exceeding what one already has. The reasoning centers on risk aversion and certainty, not on probability ranges or differences in probabilities."",
  ""step_3"": ""The decision reason focuses on the range of probabilities within each lottery (max - min probability), but both lotteries have a probability range of 0%, so the reason does not discriminate between them. The individual, however, bases their decision on preferring certainty (sure gain) over risk, particularly avoiding potential losses. This reflects risk-averse or certainty-based reasoning, not an analysis of probability dispersion. There is no mention of comparing probability values or their spread. Therefore, the information and rule used by the individual do not align with the decision reason. The reasoning is based on outcome security, not probability structure."",
  ""final_assessment_score"": 10
}"
19,"{
  ""step_1"": ""The decision reason can be applied to the decision problem. For Lottery A: the outcomes have probabilities of 100% (only one outcome), so the minimum and maximum probabilities are both 100%. The difference is 100% - 100% = 0%. For Lottery B: the outcomes have probabilities of 50% and 50%, so the minimum and maximum probabilities are both 50%. The difference is 50% - 50% = 0%. Thus, both lotteries have a difference of 0% between their minimum and maximum probabilities. The decision reason would therefore be indifferent between Lottery A and Lottery B."",
  ""step_2"": ""The individual describes their thought process as first 'Alles aufgedeckt' (everything revealed), suggesting they examined all aspects of the lotteries. Then they mention comparing 'die letzte Wahrscheinlichkeit mit der ersten' (the last probability with the first), which may refer to comparing the probabilities of the outcomes across the lotteries. The key justification for the choice is 'Bin dann den sicheren Weg gegangen, weil ich lieber den Spatz in der Hand hab' (I went the safe route because I'd rather have the sparrow in the hand), which reflects a preference for certainty and risk aversion. The individual emphasizes security and guaranteed outcomes, indicating that their justification is based on preferring a sure outcome over a risky one."",
  ""step_3"": ""The decision reason focuses on the range of probabilities within each lottery (difference between max and min probability), which is 0% for both lotteries, making the reason indifferent. The individual, however, considers probabilities (possibly comparing them across lotteries) but ultimately justifies the choice based on risk aversion and preferring a sure gain (Lottery A). The information considered by the individual (certainty, security, guaranteed outcome) does not align with the core of the decision reason, which is about internal probability spread — a concept that does not differentiate between the two lotteries here. Furthermore, the individual’s justification is based on outcome security, not probability dispersion. Therefore, there is no evidence that the decision reason (comparing min and max probability within a lottery) was used in the deliberation."",
  ""final_assessment_score"": 20
}"
20,"{
  ""step_1"": ""The decision reason evaluates the difference between the minimum and maximum probability within each lottery. For Lottery A, the probabilities are [100%], so the difference between max and min probability is 0% (100% - 100%). For Lottery B, the probabilities are [50%, 50%], so the difference is also 0% (50% - 50%). Thus, both lotteries have the same difference (0%), and the decision reason would be indifferent between them. The information relevant to the reason can be derived from the problem, but it does not favor one lottery over the other."",
  ""step_2"": ""The individual describes uncovering information from 'top left to bottom left, then top right to bottom right', suggesting a visual presentation of the lotteries was used. They then rechecked the probabilities and state their decision was influenced by an unwillingness to lose 6,000 Euros. The information considered includes the probabilities and outcomes of both lotteries, particularly the potential loss in Lottery B. The justification centers on loss aversion—avoiding a large potential loss—rather than any comparison of probability ranges or dispersion of probabilities within a lottery."",
  ""step_3"": ""The decision reason focuses on the range of probabilities within each lottery (min vs. max), but both lotteries have only one or two identical probabilities, resulting in zero difference in both cases. The individual, however, focuses on the outcomes—especially the risk of losing 6,000 Euros—and expresses a clear emotional aversion to loss. There is no mention of comparing the spread or variation of probabilities within a lottery, nor any reasoning about probability distribution uniformity. The justification is outcome-based and risk-averse, not structure-based. Therefore, the decision reason is not reflected in the deliberation. The individual did not use the min-max probability difference rule."",
  ""final_assessment_score"": 10
}"
