problem_index,response
0,"## Step 1: Assess if the decision reason can be applied to the decision problem in a strict manner.

The decision reason considers the minimum probability of each lottery and prefers the lottery with the higher value of minimum probability. For Lottery A, the outcomes and their probabilities are: 2500 Euros with 33% probability, 2400 Euros with 66% probability, and 0 Euros with 1% probability. The minimum probability for Lottery A is 1%. For Lottery B, the outcome and its probability are: 2400 Euros with 100% probability. The minimum probability for Lottery B is 100%. Since we can derive the relevant information (the minimum probabilities) from the given lotteries' outcomes and probabilities, we can proceed with applying the decision reason.

## Step 2: Apply the decision reason to the decision problem by strictly following the decision reason’s rule.

For Lottery A, the minimum probability is 1% (associated with 0 Euros). For Lottery B, the minimum probability is 100% (associated with 2400 Euros). The decision reason prefers the lottery with the higher value of minimum probability. Comparing the minimum probabilities: 1% for Lottery A and 100% for Lottery B, Lottery B has a higher minimum probability.

## final_answer

```json
{
  ""step_1"": ""The decision reason can be applied. Lottery A has a minimum probability of 1%, and Lottery B has a minimum probability of 100%."",
  ""step_2"": ""The decision reason prefers the lottery with the higher minimum probability. Lottery B has a higher minimum probability (100%) than Lottery A (1%)."",
  ""final_answer"": ""B""
}
```"
1,"## Step 1: Assess if the decision reason can be applied to the decision problem in a strict manner.

The decision reason considers the minimum probability of each lottery and prefers the lottery with the higher value of minimum probability. For Lottery A, the outcomes and their probabilities are 2500 Euros with 33% probability and 0 Euros with 67% probability. For Lottery B, the outcomes and their probabilities are 2400 Euros with 34% probability and 0 Euros with 66% probability. The minimum probability for Lottery A is 33%, and for Lottery B, it is 66%. Since we can derive the relevant information (minimum probabilities) from the given lotteries' outcomes and probabilities, we can proceed with applying the decision reason.

## Step 2: Apply the decision reason to the decision problem by strictly following the decision reason’s rule.

For Lottery A, the minimum probability is 33%. For Lottery B, the minimum probability is 66%. According to the decision reason, the lottery with the higher value of minimum probability is preferred. Since 66% is greater than 33%, Lottery B is preferred according to this decision reason.

## Output Format
```json
{
  ""step_1"": ""The decision reason can be applied. The minimum probability for Lottery A is 33%, and for Lottery B, it is 66%."",
  ""step_2"": ""Lottery B has a higher minimum probability (66%) compared to Lottery A (33%)."",
  ""final_answer"": ""B""
}
```"
2,"## Step 1: Assess if the decision reason can be applied to the decision problem in a strict manner.

The decision reason considers the minimum probability of each lottery and prefers the lottery with the higher value of minimum probability. For Lottery A, the outcomes and their probabilities are: 4000 Euros with 80% probability and 0 Euros with 20% probability. The minimum probability for Lottery A is 20%. For Lottery B, the outcome and its probability are: 3000 Euros with 100% probability. The minimum probability for Lottery B is 100%. Since we can derive the relevant information (minimum probabilities) from the given lotteries' outcomes and probabilities, we can proceed with applying the decision reason.

## Step 2: Apply the decision reason to the decision problem by strictly following the decision reason’s rule.

For Lottery A, the minimum probability is 20%. For Lottery B, the minimum probability is 100%. According to the decision reason, the lottery with the higher value of minimum probability is preferred. Since 100% is greater than 20%, the decision reason prefers Lottery B.

## Output Format

```json
{
 ""step_1"": ""The decision reason can be applied. Lottery A has a minimum probability of 20%, and Lottery B has a minimum probability of 100%."",
 ""step_2"": ""The decision reason prefers Lottery B because 100% is greater than 20%."",
 ""final_answer"": ""B""
}
```"
3,"## Step 1: Assess if the decision reason can be applied to the decision problem in a strict manner.

The decision reason considers the minimum probability of each lottery and prefers the lottery with the higher value of minimum probability. For Lottery A, the outcomes and their probabilities are: 4000 Euros with 20% probability and 0 Euros with 80% probability. The minimum probability for Lottery A is 20%. For Lottery B, the outcomes and their probabilities are: 3000 Euros with 25% probability and 0 Euros with 75% probability. The minimum probability for Lottery B is 25%. Since we can derive the relevant information (minimum probabilities) from the given lotteries' outcomes and probabilities, we can proceed with applying the decision reason.

## Step 2: Apply the decision reason to the decision problem by strictly following the decision reason’s rule.

For Lottery A, the minimum probability is 20%. For Lottery B, the minimum probability is 75%. According to the decision reason, the lottery with the higher minimum probability is preferred. Comparing the minimum probabilities: 20% (Lottery A) vs. 75% (Lottery B), Lottery B has a higher minimum probability.

## final_answer

```json
{
  ""step_1"": ""The decision reason can be applied. Lottery A has a minimum probability of 20% and Lottery B has a minimum probability of 75%."",
  ""step_2"": ""Lottery B has a higher minimum probability (75%) compared to Lottery A (20%)."",
  ""final_answer"": ""B""
}
```"
4,"## Step 1: Assess if the decision reason can be applied to the decision problem in a strict manner.

The decision reason considers the minimum probability of each lottery and prefers the lottery with the higher value of the minimum probability. For Lottery A, the outcomes and their probabilities are: 6000 Euros with 45% probability and 0 Euros with 55% probability. The minimum probability here is 45%. For Lottery B, the outcomes and their probabilities are: 3000 Euros with 90% probability and 0 Euros with 10% probability. The minimum probability here is 10%. Since we can derive the relevant information (the minimum probabilities) from the given lotteries' outcomes and probabilities, we can proceed with applying the decision reason.

## Step 2: Apply the decision reason to the decision problem by strictly following the decision reason’s rule.

For Lottery A, the minimum probability is 45% (associated with the 6000 Euros outcome). For Lottery B, the minimum probability is 10% (associated with the 0 Euros outcome). The decision reason prefers the lottery with the higher value of the minimum probability. Since 45% is greater than 10%, the decision reason prefers Lottery A.

## Output Format
```json
{
  ""step_1"": ""The decision reason can be applied. Lottery A has a minimum probability of 45%, and Lottery B has a minimum probability of 10%."",
  ""step_2"": ""The decision reason prefers Lottery A because 45% is greater than 10%."",
  ""final_answer"": ""A""
}
```"
5,"## Step 1: Assess if the decision reason can be applied to the decision problem in a strict manner.

The decision reason considers the minimum probability of each lottery and prefers the lottery with the higher value of minimum probability. For Lottery A, the outcomes and their probabilities are: 6000 Euros with 0.1% probability and 0 Euros with 99.9% probability. For Lottery B, the outcomes and their probabilities are: 3000 Euros with 0.2% probability and 0 Euros with 99.8% probability.

The minimum probability for Lottery A is 0.1% (associated with 6000 Euros) and for Lottery B is 0.2% (associated with 3000 Euros). 

Since we can derive the relevant information (minimum probabilities) from the given lotteries' outcomes and probabilities, we can proceed with applying the decision reason.

## Step 2: Apply the decision reason to the decision problem by strictly following the decision reason’s rule.

The minimum probability for Lottery A is 0.1%, and for Lottery B, it is 0.2%. According to the decision reason, the lottery with the higher value of minimum probability is preferred.

Comparing the minimum probabilities:
- Lottery A: 0.1%
- Lottery B: 0.2%

Lottery B has a higher minimum probability (0.2%) than Lottery A (0.1%). Therefore, the decision reason prefers Lottery B.

## Output in JSON format:

```json
{
  ""step_1"": ""The decision reason can be applied. Lottery A has a minimum probability of 0.1% and Lottery B has a minimum probability of 0.2%."",
  ""step_2"": ""The decision reason prefers the lottery with the higher minimum probability. Since 0.2% is greater than 0.1%, Lottery B is preferred."",
  ""final_answer"": ""B""
}
```"
6,"## Step 1: Assess if the decision reason can be applied to the decision problem in a strict manner.

The decision reason considers the minimum probability of each lottery and prefers the lottery with the higher value of the minimum probability. For Lottery A, the outcomes and their probabilities are: -4000 Euros with 80% probability and 0 Euros with 20% probability. The minimum probability for Lottery A is 20%. For Lottery B, there is a single outcome of -3000 Euros with 100% probability. The minimum probability for Lottery B is 100%. Since we can derive the relevant information (minimum probabilities) from the given lotteries' outcomes and probabilities, we can proceed with applying the decision reason.

## Step 2: Apply the decision reason to the decision problem by strictly following the decision reason’s rule.

For Lottery A, the minimum probability is 20%. For Lottery B, the minimum probability is 100%. According to the decision reason, the lottery with the higher value of the minimum probability is preferred. Since 100% is greater than 20%, the decision reason prefers Lottery B.

## final_answer

```json
{
  ""step_1"": ""The decision reason can be applied. Lottery A has a minimum probability of 20%, and Lottery B has a minimum probability of 100%."",
  ""step_2"": ""The decision reason prefers Lottery B because 100% is greater than 20%."",
  ""final_answer"": ""B""
}
```"
7,"## Step 1: Assess if the decision reason can be applied to the decision problem in a strict manner.

The decision reason considers the minimum probability of each lottery and prefers the lottery with the higher value of minimum probability. For Lottery A, the outcomes and their probabilities are: -4000 Euros with 20% probability and 0 Euros with 80% probability. For Lottery B, the outcomes and their probabilities are: -3000 Euros with 25% probability and 0 Euros with 75% probability.

The minimum probability for Lottery A is 20% (the probability of getting -4000 Euros), and for Lottery B, it is 25% (the probability of getting -3000 Euros). Since we can derive the relevant information (minimum probabilities) from the given lotteries' outcomes and probabilities, we can proceed with applying the decision reason.

## Step 2: Apply the decision reason to the decision problem by strictly following the decision reason’s rule.

For Lottery A, the minimum probability is 20%. For Lottery B, the minimum probability is 25%. According to the decision reason, the lottery with the higher minimum probability is preferred. Since 25% is greater than 20%, Lottery B is preferred.

## final_answer

```json
{
  ""step_1"": ""The decision reason can be applied. Lottery A has a minimum probability of 20%, and Lottery B has a minimum probability of 25%."",
  ""step_2"": ""Lottery B has a higher minimum probability (25%) compared to Lottery A (20%). Therefore, the decision reason prefers Lottery B."",
  ""final_answer"": ""B""
}
```"
8,"## Step 1: Assess if the decision reason can be applied to the decision problem in a strict manner.

The decision reason considers the minimum probability of each lottery and prefers the lottery with the higher value of the minimum probability. For Lottery A, the outcomes and their probabilities are: -6000 Euros with 45% probability and 0 Euros with 55% probability. The minimum probability here is 45%. For Lottery B, the outcomes and their probabilities are: -3000 Euros with 90% probability and 0 Euros with 10% probability. The minimum probability here is 10%. Since we can derive the relevant information (the minimum probabilities) from the given lotteries' outcomes and probabilities, we can proceed with applying the decision reason.

## Step 2: Apply the decision reason to the decision problem by strictly following the decision reason’s rule.

For Lottery A, the minimum probability is 55% (the probability of getting 0 Euros). For Lottery B, the minimum probability is 10% (the probability of getting 0 Euros). According to the decision reason, the lottery with the higher value of the minimum probability is preferred. Comparing the minimum probabilities: 55% (Lottery A) is greater than 10% (Lottery B). Therefore, the decision reason prefers Lottery A.

The final answer is:
```json
{
  ""step_1"": ""The decision reason can be applied as we can derive the minimum probabilities from the lotteries' outcomes and probabilities."",
  ""step_2"": ""Lottery A has a minimum probability of 55%, and Lottery B has a minimum probability of 10%. Since 55% is greater than 10%, the decision reason prefers Lottery A."",
  ""final_answer"": ""A""
}
```"
9,"## Step 1: Assess if the decision reason can be applied to the decision problem in a strict manner.

The decision reason considers the minimum probability of each lottery and prefers the lottery with the higher value of minimum probability. For Lottery A, the outcomes and their probabilities are: -6000 Euros with 0.1% probability and 0 Euros with 99.9% probability. For Lottery B, the outcomes and their probabilities are: -3000 Euros with 0.2% probability and 0 Euros with 99.8% probability. The minimum probability for Lottery A is 0.1%, and for Lottery B, it is 0.2%. Since we can derive the relevant information (minimum probabilities) from the given lotteries' outcomes and probabilities, we can proceed with applying the decision reason.

## Step 2: Apply the decision reason to the decision problem by strictly following the decision reason’s rule.

The minimum probability for Lottery A is 0.1%, and for Lottery B, it is 0.2%. According to the decision reason, the lottery with the higher value of minimum probability is preferred. Since 0.2% is greater than 0.1%, the decision reason prefers Lottery B.

## Output Format
```json
{
  ""step_1"": ""The decision reason can be applied. The minimum probability for Lottery A is 0.1%, and for Lottery B, it is 0.2%."",
  ""step_2"": ""The decision reason prefers Lottery B because 0.2% is greater than 0.1%."",
  ""final_answer"": ""B""
}
```"
10,"Here's the application of the decision reason to the decision problem:

```
{
  ""step_1"": ""The decision reason considers the minimum probability of each lottery. For Lottery A, the outcomes and their probabilities are: 1000 Euros with 50% probability and 0 Euros with 50% probability. The minimum probability for Lottery A is 50%. For Lottery B, there is only one outcome with 100% probability. The minimum probability for Lottery B is 100%. The relevant information for the decision reason is the minimum probability of each lottery: Lottery A has a minimum probability of 50%, and Lottery B has a minimum probability of 100%."",
  ""step_2"": ""The decision reason prefers the lottery with the higher value of minimum probability. Comparing the minimum probabilities: Lottery A has 50% and Lottery B has 100%. Since 100% is greater than 50%, the decision reason prefers Lottery B."",
  ""final_answer"": ""B""
}
```"
11,"## Step 1: Assess if the decision reason can be applied to the decision problem in a strict manner.

The decision reason considers the minimum probability of each lottery and prefers the lottery with the higher value of the minimum probability. For Lottery A, the outcomes are -1000 Euros with 50% probability and 0 Euros with 50% probability. The minimum probability for Lottery A is 50%. For Lottery B, the outcome is -500 Euros with 100% probability, so the minimum probability is 100%. Since we can derive the relevant information (minimum probabilities) from the given lotteries' outcomes and probabilities, the decision reason can be applied.

## Step 2: Apply the decision reason to the decision problem by strictly following the decision reason’s rule.

For Lottery A, the minimum probability is 50%. For Lottery B, the minimum probability is 100%. According to the decision reason, the lottery with the higher value of minimum probability is preferred. Since 100% is greater than 50%, Lottery B is preferred.

## final_answer

```json
{
  ""step_1"": ""The decision reason can be applied. Lottery A has a minimum probability of 50%, and Lottery B has a minimum probability of 100%."",
  ""step_2"": ""Lottery B has a higher minimum probability (100%) compared to Lottery A (50%)."",
  ""final_answer"": ""B""
}
```"
12,"## Step 1: Assess if the decision reason can be applied to the decision problem in a strict manner.

The decision reason considers the minimum probability of each lottery and prefers the lottery with the higher value of minimum probability. For Lottery A, the outcomes and their probabilities are: 6000 Euros with 25% probability and 0 Euros with 75% probability. The minimum probability for Lottery A is 25%. For Lottery B, the outcomes and their probabilities are: 4000 Euros with 25% probability, 2000 Euros with 25% probability, and 0 Euros with 50% probability. The minimum probability for Lottery B is 25%. Since we can derive the relevant information (minimum probabilities) from the given lotteries' outcomes and probabilities, we can proceed to apply the decision reason.

## Step 2: Apply the decision reason to the decision problem by strictly following the decision reason’s rule.

For Lottery A, the minimum probability is 25%. For Lottery B, the minimum probability is also 25%. Since both lotteries have the same minimum probability, according to the decision reason, the reason prefers both lotteries equally.

The final answer is:
```json
{
  ""step_1"": ""The decision reason can be applied. Lottery A has a minimum probability of 25% and Lottery B has a minimum probability of 25%."",
  ""step_2"": ""Both lotteries have the same minimum probability of 25%, so the decision reason is indifferent between the lotteries."",
  ""final_answer"": ""INDIFFERENT""
}
```"
13,"## Step 1: Assess if the decision reason can be applied to the decision problem in a strict manner.

The decision reason considers the minimum probability of each lottery and prefers the lottery with the higher value of minimum probability. For Lottery A, the outcomes and their probabilities are: -6000 Euros with 25% probability and 0 Euros with 75% probability. The minimum probability for Lottery A is 25%. For Lottery B, the outcomes and their probabilities are: -4000 Euros with 25% probability, -2000 Euros with 25% probability, and 0 Euros with 50% probability. The minimum probability for Lottery B is 25%. Since we can derive the relevant information (the minimum probabilities) from the given lotteries' outcomes and probabilities, we can proceed to apply the decision reason.

## Step 2: Apply the decision reason to the decision problem by strictly following the decision reason’s rule.

For Lottery A, the minimum probability is 25%. For Lottery B, the minimum probability is also 25%. Since both lotteries have the same minimum probability, according to the decision reason, the reason prefers both lotteries equally.

The final answer is:

```json
{
  ""step_1"": ""The decision reason can be applied. Lottery A has a minimum probability of 25% and Lottery B has a minimum probability of 25%."",
  ""step_2"": ""Both lotteries have the same minimum probability of 25%, so the decision reason is indifferent between the lotteries."",
  ""final_answer"": ""INDIFFERENT""
}
```"
14,"Here's the application of the decision reason to the decision problem:

```
{
  ""step_1"": ""The decision reason considers the minimum probability of each lottery. For Lottery A, the outcomes and their probabilities are: 5000 Euros with 0.1% probability and 0 Euros with 99.9% probability. The minimum probability of Lottery A is 0.1%. For Lottery B, the outcome and its probability are: 5 Euros with 100% probability. The minimum probability of Lottery B is 100%. The relevant information for the decision reason is the minimum probabilities of the lotteries, which can be derived from the given information."",
  ""step_2"": ""The decision reason prefers the lottery with the higher value of minimum probability. Comparing the minimum probabilities: Lottery A has a minimum probability of 0.1%, and Lottery B has a minimum probability of 100%. Since 100% is greater than 0.1%, the decision reason prefers Lottery B."",
  ""final_answer"": ""B""
}
```"
15,"## Step 1: Assess if the decision reason can be applied to the decision problem in a strict manner.

The decision reason considers the minimum probability of each lottery and prefers the lottery with the higher value of the minimum probability. For Lottery A, the outcomes and their probabilities are: -5000 Euros with 0.1% probability (or 0.001) and 0 Euros with 99.9% probability (or 0.999). The minimum probability for Lottery A is 0.001. For Lottery B, there is a single outcome: -5 Euros with 100% probability (or 1). The minimum probability for Lottery B is 1. Since we can derive the relevant information (minimum probabilities) from the given lotteries' outcomes and probabilities, we can proceed with applying the decision reason.

## Step 2: Apply the decision reason to the decision problem by strictly following the decision reason’s rule.

For Lottery A, the minimum probability is 0.001 (associated with the outcome of -5000 Euros). For Lottery B, the minimum probability is 1 (associated with the outcome of -5 Euros). According to the decision reason, the lottery with the higher value of the minimum probability is preferred. Comparing the minimum probabilities: 0.001 (Lottery A) vs. 1 (Lottery B), Lottery B has a higher minimum probability.

## final_answer

```json
{
  ""step_1"": ""The decision reason can be applied as we can derive the minimum probabilities from the lotteries' outcomes and probabilities. Lottery A has a minimum probability of 0.001, and Lottery B has a minimum probability of 1."",
  ""step_2"": ""Applying the decision reason, Lottery B has a higher minimum probability (1) compared to Lottery A (0.001). Therefore, the decision reason prefers Lottery B."",
  ""final_answer"": ""B""
}
```"
16,"## Step 1: Assess if the decision reason can be applied to the decision problem in a strict manner.

The decision reason considers the minimum probability of each lottery and prefers the lottery with the higher value of minimum probability. For Lottery A, the outcomes are 3000 Euros with 50% probability and -3000 Euros with 50% probability. The minimum probability for Lottery A is 50%. For Lottery B, there is a 100% probability of 1500 Euros. The minimum probability for Lottery B is 100%. Since we can derive the relevant information (minimum probabilities) from the given lotteries' outcomes and probabilities, we can proceed with applying the decision reason.

## Step 2: Apply the decision reason to the decision problem by strictly following the decision reason’s rule.

For Lottery A, the minimum probability is 50%. For Lottery B, the minimum probability is 100%. According to the decision reason, the lottery with the higher value of minimum probability is preferred. Since 100% is greater than 50%, Lottery B is preferred.

## final_answer

```json
{
  ""step_1"": ""The decision reason can be applied. Lottery A has a minimum probability of 50%, and Lottery B has a minimum probability of 100%."",
  ""step_2"": ""Lottery B has a higher minimum probability (100%) compared to Lottery A (50%)."",
  ""final_answer"": ""B""
}
```"
17,"## Step 1: Assess if the decision reason can be applied to the decision problem in a strict manner.

The decision reason considers the minimum probability of each lottery and prefers the lottery with the higher value of minimum probability. For Lottery A, the outcomes are 3000 Euros with 50% probability and -3000 Euros with 50% probability. The minimum probability for Lottery A is 50%. For Lottery B, there is a 100% probability of winning 2000 Euros, so the minimum probability is 100%. Since we can derive the relevant information (minimum probabilities) from the given lotteries' outcomes and probabilities, we can proceed with applying the decision reason.

## Step 2: Apply the decision reason to the decision problem by strictly following the decision reason’s rule.

For Lottery A, the minimum probability is 50%. For Lottery B, the minimum probability is 100%. According to the decision reason, the lottery with the higher value of minimum probability is preferred. Since 100% is greater than 50%, the decision reason prefers Lottery B.

## Output Format

```json
{
 ""step_1"": ""The decision reason can be applied. Lottery A has a minimum probability of 50%, and Lottery B has a minimum probability of 100%."",
 ""step_2"": ""The decision reason prefers Lottery B because 100% is greater than 50%."",
 ""final_answer"": ""B""
}
```"
18,"## Step 1: Assess if the decision reason can be applied to the decision problem in a strict manner.

The decision reason considers the minimum probability of each lottery and prefers the lottery with the higher value of minimum probability. For Lottery A, the outcomes are 3000 Euros with 50% probability and -3000 Euros with 50% probability. The minimum probability for Lottery A is 50%. For Lottery B, there is a 100% probability of getting 1000 Euros. The minimum probability for Lottery B is 100%. Since we can derive the relevant information (minimum probabilities) from the given lotteries' outcomes and probabilities, we can proceed with applying the decision reason.

## Step 2: Apply the decision reason to the decision problem by strictly following the decision reason’s rule.

For Lottery A, the minimum probability is 50% (or 0.5). For Lottery B, the minimum probability is 100% (or 1). According to the decision reason, the lottery with the higher value of minimum probability is preferred. Since 1 (100% for Lottery B) is greater than 0.5 (50% for Lottery A), the decision reason prefers Lottery B.

## Output Format
```json
{
  ""step_1"": ""The decision reason can be applied. Lottery A has a minimum probability of 50%, and Lottery B has a minimum probability of 100%."",
  ""step_2"": ""The decision reason prefers Lottery B because it has a higher minimum probability (100%) compared to Lottery A (50%)."",
  ""final_answer"": ""B""
}
```"
19,"## Step 1: Assess if the decision reason can be applied to the decision problem in a strict manner.

The decision reason considers the minimum probability of each lottery and prefers the lottery with the higher value of minimum probability. For Lottery A, the outcomes are 6000 Euros with 50% probability and -6000 Euros with 50% probability. The minimum probability for Lottery A is 50%. For Lottery B, the outcome is 0 Euros with 100% probability, so the minimum probability is 100%. Since we can derive the relevant information (minimum probabilities) from the given lotteries' outcomes and probabilities, the decision reason can be applied.

## Step 2: Apply the decision reason to the decision problem by strictly following the decision reason’s rule.

For Lottery A, the minimum probability is 50%. For Lottery B, the minimum probability is 100%. According to the decision reason, the lottery with the higher value of minimum probability is preferred. Since 100% is greater than 50%, Lottery B is preferred.

## final_answer

```json
{
  ""step_1"": ""The decision reason can be applied as the minimum probabilities for both lotteries can be derived from the given information."",
  ""step_2"": ""Lottery A has a minimum probability of 50%, while Lottery B has a minimum probability of 100%. The decision reason prefers Lottery B because 100% is greater than 50%."",
  ""final_answer"": ""B""
}
```"
