problemID,response
1,"{
  ""step_1"": ""The decision reason can be applied to the decision problem. The relevant information for the decision reason is the presence or absence of a zero outcome in each lottery. Lottery A has a 1% chance of a zero outcome, while Lottery B has no zero outcome. This information can be derived from the lotteries' outcomes and probabilities."",
  ""step_2"": ""The verbal report suggests that the individual considered the risk associated with the potential extra 100 Euros in Lottery A. The individual's justification for their choice is that the risk is not worth the potential extra 100 Euros. The report does not explicitly mention the presence or absence of a zero outcome in each lottery, but it implies that the individual was aware of the risk involved in Lottery A."",
  ""step_3"": ""Comparing the information relevant to the decision reason with that considered by the individual, it appears that the individual did not explicitly consider the presence or absence of a zero outcome. However, the individual's justification for their choice implies that they were aware of the risk involved in Lottery A, which could be related to the presence of the zero outcome. Comparing the decision reason's rule to the individual's justification, it seems that the individual's decision might be aligned with the decision reason, but it is not a direct match. Based on these comparisons, it is uncertain whether the individual used the decision reason to make the decision."",
  ""final_assessment_score"": 50
}"
2,"{
  ""step_1"": ""The decision reason can be applied to the decision problem. The relevant information is the presence of a zero outcome in each lottery. Both lotteries have a zero outcome, so the decision reason would be indifferent between the two lotteries, as neither lottery is without a zero outcome. The information relevant to the decision reason is: Lottery A has a zero outcome, Lottery B has a zero outcome."",
  ""step_2"": ""The verbal report considers the amount of money (mehr Geld) and the similarity of the winning chances (quasi gleichen Gewinnchancen). The individual's justification for the choice seems to be based on the comparison of the potential gains and the probabilities of winning, but does not explicitly mention the presence of a zero outcome as a deciding factor."",
  ""step_3"": ""Comparing the information relevant to the decision reason (presence of a zero outcome) with that considered by the individual (amount of money and winning chances), there is a mismatch. The decision reason's rule (prefer the lottery without a zero outcome) does not align with the individual's justification (comparing potential gains and probabilities). Since both lotteries have a zero outcome, the decision reason would not prefer one over the other, but the verbal report does not indicate that the individual considered the absence of a zero outcome as a factor. Therefore, it is unlikely that the decision reason was used by the individual."",
  ""final_assessment_score"": 0
}"
3,"{
  ""step_1"": ""The decision reason can be applied to the decision problem. The relevant information is the presence of a zero outcome in each lottery. Lottery A has a 20% probability of a zero outcome, while Lottery B has no zero outcome. This information can be derived from the lotteries' outcomes and probabilities."",
  ""step_2"": ""The individual considered the risk of not winning any money in Lottery A, as indicated by the phrase 'A birgt zu hohes Risiko kein Geld zu gewinnen', which translates to 'A has too high a risk of not winning any money'. The individual's justification for the choice is based on the desire for a 'sicherer Geldgewinn', which translates to 'secure money gain', implying a preference for a certain outcome."",
  ""step_3"": ""The information relevant to the decision reason (presence of a zero outcome) matches the information considered by the individual (risk of not winning any money in Lottery A). The decision reason's rule (preferring the lottery without a zero outcome) aligns with the individual's justification for the choice (preferring a secure money gain, which is offered by Lottery B with no zero outcome). Based on these comparisons, it is likely that the individual used the decision reason to make the decision."",
  ""final_assessment_score"": 90
}"
4,"{
  ""step_1"": ""The decision reason can be applied to the decision problem. The relevant information is the presence of a zero outcome in each lottery. Both lotteries have a zero outcome, so the decision reason cannot differentiate between them based on the presence of a zero outcome alone. However, since both lotteries have a zero outcome, the reason's rule to prefer the lottery without a zero outcome cannot be directly applied as neither lottery meets this criterion."",
  ""step_2"": ""The verbal report considers the higher possible monetary gain and the slightly differing probabilities of winning. The individual's justification for the choice seems to focus on the potential gain and its probability, without explicitly mentioning the presence or absence of a zero outcome as a deciding factor."",
  ""step_3"": ""Comparing the information relevant to the decision reason (presence of a zero outcome) with that considered by the individual (higher possible gain and slightly differing probabilities), there seems to be a mismatch. The decision reason's rule (preferring the lottery without a zero outcome) does not align with the individual's justification (focusing on potential gain and its probability). Given that both lotteries have a zero outcome and the individual's reasoning does not mention the absence of a zero outcome as a factor, it suggests the decision reason was not used."",
  ""final_assessment_score"": 0
}"
5,"{
  ""step_1"": ""The decision reason can be applied to the decision problem. The relevant information for the decision reason is the presence of a zero outcome in each lottery. Both lotteries have a zero outcome, so the decision reason cannot prefer one lottery over the other based on the absence of a zero outcome. However, since both lotteries have a zero outcome, the reason's rule does not directly apply as it prefers a lottery without a zero outcome, which is not present in either option."",
  ""step_2"": ""The verbal report mentions 'deutlich höhere Chance auf einen großen Gewinn', which translates to 'much higher chance of a big win'. The individual considered the probability of winning a significant amount. The justification for the choice seems to focus on the probability of achieving a substantial gain, without explicitly mentioning the presence or absence of zero outcomes in the lotteries."",
  ""step_3"": ""Comparing the information relevant to the decision reason (presence of a zero outcome) with that considered by the individual (probability of a big win), it appears the individual did not directly consider the decision reason's focus. The decision reason's rule (preferring the lottery without a zero outcome) does not align with the individual's justification (focusing on the probability of a big win). Since both lotteries have a zero outcome and the individual's focus was on the probability of a significant gain, it suggests the decision reason was not used."",
  ""final_assessment_score"": 0
}"
6,"{
  ""step_1"": ""The decision reason can be applied to the decision problem. The relevant information for the decision reason is the presence of a zero outcome in each lottery. Both Lottery A and Lottery B have a zero outcome, so the decision reason would not be able to differentiate between the two lotteries based on the absence of a zero outcome. However, since both lotteries have a zero outcome, the decision reason's preference for a lottery without a zero outcome cannot be directly applied as neither lottery meets this criterion."",
  ""step_2"": ""The verbal report mentions 'doppelte Gewinnsumme bei quasi gleicher Gewinnchance', which translates to 'double the winnings at almost the same chance of winning'. This suggests the individual considered the potential winnings and their probabilities when making the decision. The individual's justification for the choice seems to focus on the comparison of the potential winnings and their respective probabilities, rather than the presence or absence of a zero outcome in the lotteries."",
  ""step_3"": ""Comparing the information relevant to the decision reason (presence of a zero outcome) with that considered by the individual (potential winnings and their probabilities), it appears the individual did not directly consider the aspect of having a zero outcome as a decisive factor. The decision reason's rule prefers a lottery without a zero outcome, but since both lotteries have a zero outcome, this rule does not directly apply. The individual's justification does not mention the absence or presence of zero outcomes as a reason for their choice. Therefore, based on the information provided and the comparisons made, it seems unlikely that the decision reason was used by the individual."",
  ""final_assessment_score"": 0
}"
7,"Here's the assessment:

{
  ""step_1"": ""The decision reason can be applied to the decision problem. The relevant information is the presence of a zero outcome in each lottery. Lottery A has a 20% chance of a zero outcome (0 Euros), while Lottery B has no zero outcome. The decision reason prefers the lottery without a zero outcome, which is Lottery B."",
  ""step_2"": ""The individual's verbal report suggests that they considered the possibility of avoiding a loss. They mention that Lottery A offers a chance to avoid a loss that would be certain with Lottery B. The individual's justification for their choice seems to be related to the idea of avoiding a certain loss, rather than explicitly stating a preference for the lottery without a zero outcome."",
  ""step_3"": ""Comparing the information relevant to the decision reason with that considered by the individual, we see that the individual did consider the idea of avoiding a loss, which is related to the presence of a zero outcome. However, the individual's justification does not explicitly mention a preference for the lottery without a zero outcome. The decision reason's rule is to prefer the lottery without a zero outcome, which is Lottery B. The individual's verbal report does not clearly indicate that they used this specific rule to make their decision. Therefore, the assessment is uncertain."",
  ""final_assessment_score"": 50
}"
8,"{
  ""step_1"": ""The decision reason can be applied to the decision problem. The relevant information is the presence of a zero outcome in each lottery. Both lotteries have a zero outcome, so the decision reason's preference cannot be directly applied as it prefers the lottery without a zero outcome, but since both have it, we need to see how the individual approached this in their deliberation."",
  ""step_2"": ""The verbal report mentions 'geringere Verlustgefahr bei ähnlichen Quoten', which translates to 'lower loss risk at similar rates'. The individual considered the risk of loss and the similarity in rates (probabilities) between the two lotteries. The justification for the choice seems to focus on minimizing loss risk rather than the presence or absence of a zero outcome."",
  ""step_3"": ""Comparing the information relevant to the decision reason (presence of a zero outcome) with that considered by the individual (risk of loss and similar rates), there's a mismatch because the decision reason specifically looks for the absence of a zero outcome, which is not a factor here since both lotteries have a zero outcome. The individual's justification (lower loss risk) does not directly align with the decision reason's rule (preferring the lottery without a zero outcome). Given this, it seems unlikely the individual used the decision reason as stated."",
  ""final_assessment_score"": 0
}"
9,"{
  ""step_1"": ""The decision reason can be applied to the decision problem. The relevant information for the decision reason is the presence of a zero outcome in each lottery. Lottery A has a 55% chance of a zero outcome, and Lottery B has a 10% chance of a zero outcome. Since both lotteries have a zero outcome, the decision reason's preference cannot be directly applied as it prefers the lottery without a zero outcome, but since both have it, we need to see how the individual weighs these probabilities in their decision-making process."",
  ""step_2"": ""The verbal report mentions 'das Risiko einzugehen lohnt sich, da B mit einem fast sicheren Verlust einhergeht', which translates to 'taking the risk is worth it, since B comes with an almost certain loss'. The individual seems to be considering the risk associated with each lottery, focusing on the concept of 'almost certain loss' in Lottery B, which implies they are looking at the high probability of the negative outcome in B. The justification for the choice seems to be based on the perceived risk and the certainty of loss rather than the presence or absence of a zero outcome per se."",
  ""step_3"": ""Comparing the information relevant to the decision reason (presence of a zero outcome) with that considered by the individual (risk and certainty of loss), there seems to be a partial alignment but not a direct match. The decision reason's rule prefers the lottery without a zero outcome, but since both lotteries have a zero outcome, this rule cannot be directly applied. The individual's justification focuses on the risk and certainty of loss, which indirectly touches upon the concept of zero outcomes but does not explicitly state a preference for a lottery without a zero outcome. Given this, it seems uncertain whether the decision reason was used by the individual as the primary motivator for their choice."",
  ""final_assessment_score"": 50
}"
10,"{
  ""step_1"": ""The decision reason can be applied to the decision problem. The relevant information is the presence of a zero outcome in each lottery. Both lotteries have a zero outcome, so the decision reason would be indifferent between the two lotteries as both contain a zero outcome."",
  ""step_2"": ""The individual considered the difference in the magnitude of potential losses (\""halb so große Möglichkeit auf Geldverlust\"") and the similarity in probabilities (\""nahezu gleicher Wahrscheinlichkeit\""). The individual's justification for the choice focuses on the comparison of potential losses and their probabilities, without explicitly mentioning the presence or absence of zero outcomes as a deciding factor."",
  ""step_3"": ""Comparing the information relevant to the decision reason (presence of a zero outcome) with that considered by the individual (difference in loss magnitude and similarity in probabilities), it appears the individual did not explicitly consider the presence of a zero outcome as a key factor. The decision reason's rule (preference for the lottery without a zero outcome) does not align with the individual's justification, which is based on loss magnitude and probability. Since both lotteries have a zero outcome, the decision reason would not differentiate between them, but the individual's justification does differentiate based on other criteria. Therefore, it seems unlikely that the decision reason was used by the individual."",
  ""final_assessment_score"": 0
}"
11,"{
  ""step_1"": ""The decision reason can be applied to the decision problem. The relevant information is the presence or absence of a zero outcome in each lottery. Lottery A has no zero outcome (500 Euros with 100% probability), while Lottery B has a zero outcome (0 Euros with 50% probability)."",
  ""step_2"": ""The verbal report mentions 'sicherer Geldgewinn', which translates to 'secure monetary gain' in English. This implies that the individual considered the certainty of the outcome. The individual’s justification for the choice seems to focus on the guaranteed nature of the gain, which aligns with avoiding a zero outcome."",
  ""step_3"": ""Comparing the information relevant to the decision reason (presence of a zero outcome) with that considered by the individual (certainty of the outcome), there is a match because the individual's focus on a 'secure' gain implies a preference for avoiding the risk of a zero outcome. The decision reason’s rule (preferring the lottery without a zero outcome) aligns with the individual’s justification (focusing on the certainty of the gain, which is directly related to avoiding a zero outcome). Based on these comparisons, it appears the individual used the decision reason to make the decision."",
  ""final_assessment_score"": 100
}"
12,"{
  ""step_1"": ""The decision reason can be applied to the decision problem. The relevant information is the presence or absence of a zero outcome in each lottery. Lottery A has a 50% chance of a 0 Euro outcome, while Lottery B does not have a zero outcome. The decision reason prefers Lottery B because it does not have a zero outcome."",
  ""step_2"": ""The individual considered the 50/50 chance of avoiding a certain loss in Lottery A. The individual's justification for the choice seems to focus on the potential to avoid a loss, which is related to the presence of a zero outcome in Lottery A."",
  ""step_3"": ""Comparing the information relevant to the decision reason with that considered by the individual, there is a connection between the zero outcome and the individual's focus on avoiding a loss. However, the decision reason's rule specifically prefers the lottery without a zero outcome, which is Lottery B. The individual's justification, as described, does not explicitly state a preference for Lottery B because it lacks a zero outcome. Instead, the focus is on the chance to avoid a loss in Lottery A, which indirectly relates to the presence of a zero outcome. Given this, it seems the individual's reasoning is not directly aligned with the decision reason's rule but touches upon related aspects. Therefore, the assessment is uncertain."",
  ""final_assessment_score"": 50
}"
13,"{
  ""step_1"": ""The decision reason can be applied to the decision problem. The relevant information is the presence of a zero outcome in each lottery. Lottery A has a 50% probability of a zero outcome, while Lottery B has a 75% probability of a zero outcome. The decision reason prefers the lottery without a zero outcome or the one with a lower probability of a zero outcome if both have it."",
  ""step_2"": ""The individual's verbal report mentions 'höhere Chance überhaupt einen Gewinn zu erzielen', which translates to 'higher chance of achieving a gain at all'. This indicates that the individual considered the probability of winning any amount of money in their deliberation process. The justification for the choice seems to focus on the likelihood of receiving some form of payout."",
  ""step_3"": ""Comparing the information relevant to the decision reason (presence and probability of zero outcomes) with that considered by the individual (chance of achieving any gain), there's a connection since both involve considering the outcomes and their probabilities. However, the decision reason specifically focuses on the absence or lower probability of a zero outcome, which isn't directly mentioned in the verbal report. The individual's justification (higher chance of any gain) aligns with preferring a lottery that offers a payout over one that doesn't, but it doesn't explicitly address the decision reason's criterion of preferring the lottery without a zero outcome or lower probability of it. Given this, it seems the individual's thought process aligns partially with the decision reason but doesn't perfectly match its specific criteria."",
  ""final_assessment_score"": 30
}"
14,"{
  ""step_1"": ""The decision reason can be applied to the decision problem. The relevant information is the presence of a zero outcome in each lottery. Lottery A has a 50% probability of a zero outcome, and Lottery B has a 75% probability of a zero outcome. However, the decision reason prefers the lottery without a zero outcome. Since both lotteries have a zero outcome, we need to consider if the individual's focus is on the absence or presence of zero outcomes in their decision-making process."",
  
  ""step_2"": ""The verbal report mentions 'mit 100 prozentiger Wahrscheinlichkeit ein geringerer Verlust', which translates to 'with 100 percent certainty a smaller loss'. The individual considered the aspect of loss and its certainty. The justification for the choice seems to focus on minimizing loss rather than the presence or absence of a zero outcome. The described deliberation process does not explicitly mention the zero outcome as a deciding factor but rather the certainty of a smaller loss."",
  
  ""step_3"": ""Comparing the information relevant to the decision reason (presence of a zero outcome) with that considered by the individual (certainty of a smaller loss), there seems to be a mismatch. The decision reason's rule prefers the lottery without a zero outcome, but since both lotteries have a zero outcome, this rule does not directly apply as intended. The individual's justification for the choice does not align with the decision reason's focus on the absence of a zero outcome. Based on these comparisons, it appears the individual did not use the decision reason to make the decision."",
  
  ""final_assessment_score"": 0
}"
15,"{
  ""step_1"": ""The decision reason can be applied to the decision problem. The relevant information is the presence of a zero outcome in each lottery. Lottery B has a 99.9% chance of a zero outcome, while Lottery A has no zero outcome. This information can be derived from the lotteries' outcomes and probabilities."",
  ""step_2"": ""The verbal report describes the individual's deliberation process as considering the risk of Lottery B not being worth it for such a small sum. The individual seems to be focusing on the potential downside of Lottery B and the relatively small potential gain. The justification for the choice is not explicitly stated, but it appears to be related to the risk associated with Lottery B."",
  ""step_3"": ""Comparing the information relevant to the decision reason with that considered by the individual, it seems that the individual is aware of the potential downside of Lottery B, which includes the zero outcome. However, the individual's justification for the choice is more focused on the risk and the small potential gain, rather than explicitly stating a preference for the lottery without a zero outcome. The decision reason's rule is to prefer the lottery without a zero outcome, which aligns with the individual's apparent preference for Lottery A, but the verbal report does not explicitly state this reason. Based on these comparisons, it is uncertain whether the individual used the decision reason to make the decision."",
  ""final_assessment_score"": 50
}"
16,"{
  ""step_1"": ""The decision reason can be applied to the decision problem. The relevant information is the presence of a zero outcome in each lottery. Lottery B has a 99.9% chance of a zero outcome, while Lottery A has no zero outcome, but a guaranteed loss of 5 Euros. This information can be derived from the lotteries' outcomes and probabilities."",
  ""step_2"": ""The verbal report describes the individual's deliberation process as considering the risk and potential gain. The individual states that it's 'nicht lohnenswert' (not worthwhile) to take a small risk for a relatively minimal sum. This implies that the individual considered the potential loss and the probability of the loss, but does not explicitly mention the presence of a zero outcome in each lottery. The individual's justification for the choice seems to focus on the risk and potential gain rather than the presence of a zero outcome."",
  ""step_3"": ""Comparing the information relevant to the decision reason (presence of a zero outcome) with that considered by the individual (risk and potential gain), there is a mismatch. The individual's justification for the choice does not explicitly mention the presence of a zero outcome. However, the decision reason's rule (preferring the lottery without a zero outcome) could be indirectly related to the individual's consideration of risk. Given this indirect relationship, but lack of explicit mention of the zero outcome, the assessment is uncertain."",
  ""final_assessment_score"": 20
}"
17,"{
  ""step_1"": ""The decision reason can be applied to the decision problem. The relevant information for the decision reason is the presence or absence of a zero outcome in each lottery. Lottery A has a non-zero outcome of 3000 Euros and -3000 Euros, but no zero outcome. Lottery B has a non-zero outcome of 1500 Euros, which is also a certain gain. However, the key point for this reason is the presence of a negative outcome in Lottery A, which can be considered as a 'loss' but the reason specifically looks for a 'zero outcome'. Since neither lottery has a zero outcome, the preference should be indifferent or based on other criteria not directly related to the presence of a zero outcome. However, considering the essence of the reason, it seems to aim at avoiding uncertainty or negative outcomes, which aligns more closely with preferring a certain gain over a risky option."",
  ""step_2"": ""The verbal report considers the idea that a 'sicherer Gewinn' (certain gain) is better than a '50/50' chance with the possibility of a 'hohen Verlust' (high loss). This indicates the individual values certainty over risk, especially when the risk includes a significant potential loss. The individual’s justification for the choice seems to focus on the certainty of the gain in one of the options versus the uncertainty and potential for loss in the other."",
  ""step_3"": ""Comparing the information relevant to the decision reason (presence of a zero outcome) with that considered by the individual (certainty of gain vs. risk of loss), there's a partial alignment in the sense that both involve evaluating outcomes based on their certainty and desirability. However, the decision reason specifically mentions the presence of a zero outcome, which is not directly addressed in the verbal report. The individual’s justification for the choice (preferring a certain gain over a risky option with potential for high loss) does not directly mention the presence or absence of a zero outcome but does reflect a preference for certainty, which could indirectly relate to the decision reason’s intent of avoiding undesirable outcomes. Given this, the assessment of whether the decision reason was used is somewhat uncertain because the verbal report does not explicitly mention the decision reason's criteria (presence of a zero outcome) but does reflect a preference that could be aligned with the reason's underlying principle of avoiding less desirable outcomes."",
  ""final_assessment_score"": 40
}"
18,"{
  ""step_1"": ""The decision reason can be applied to the decision problem. The relevant information is the presence or absence of a zero outcome in each lottery. Lottery A has a 50% chance of a -3000 Euros outcome and a 50% chance of a 3000 Euros outcome, but no zero outcome. Lottery B has a 100% chance of a 2000 Euros outcome, which implies no zero outcome and also no negative outcome. The information relevant to the decision reason is that Lottery A has a non-zero outcome with 100% probability and Lottery B has a non-zero outcome with 100% probability as well, but the reason specifically looks for the absence of a zero outcome, which is present in neither lottery as an outcome but Lottery B does not have a negative outcome."",
  ""step_2"": ""The verbal report considers the security of a certain gain (sicherer Geldgewinn) in comparison to a 50/50 chance of a high loss. The individual’s justification for the choice focuses on the certainty of a positive outcome versus the risk of a significant loss. The report does not explicitly mention the presence or absence of a zero outcome but emphasizes the preference for a certain gain over a risky option that includes a potential high loss."",
  ""step_3"": ""Comparing the information relevant to the decision reason (presence or absence of a zero outcome) with that considered by the individual (certainty of gain vs. risk of loss), there is a partial alignment in the sense that both involve evaluating the outcomes of the lotteries, but the individual's focus is more on the certainty and the risk of loss rather than the specific presence or absence of a zero outcome. The decision reason’s rule (preference for the lottery without a zero outcome) does not directly match the individual’s justification (preference for a certain gain over a risky option with a potential high loss), since neither lottery has a zero outcome and the individual's reasoning is more about risk aversion than the presence of zero outcomes. However, the individual's choice aligns with preferring a certain, non-zero outcome (Lottery B) over a risky one (Lottery A), which indirectly relates to the decision reason’s emphasis on non-zero outcomes but is more directly related to risk aversion."",
  ""final_assessment_score"": 20
}"
19,"{
  ""step_1"": ""The decision reason can be applied to the decision problem. The relevant information is the presence or absence of a zero outcome in each lottery. Lottery A has a 50% probability of -3000 Euros and a 50% probability of 3000 Euros, but no zero outcome. Lottery B has a 100% probability of 1000 Euros, which is a non-zero outcome. However, the key point for the decision reason is the absence of a zero outcome, and both lotteries do not have a zero outcome as an option, but the reason's criteria seem to focus on the concept of 'zero outcome' which is not directly applicable as neither lottery offers a zero outcome. Still, we can infer the reason's intent is about avoiding uncertainty or a specific form of risk, which is somewhat related to the concept of having a guaranteed outcome versus a chance of no gain or loss."",
  
  ""step_2"": ""The individual considered the certainty of gaining money versus a 50/50 chance of not gaining anything (or losing, in this context). The individual's justification for the choice emphasizes the preference for a certain gain over taking a risk where there's a significant chance of not benefiting (or even losing). The focus is on the certainty of the gain and the risk associated with the 50/50 chance of Lottery A."",
  
  ""step_3"": ""Comparing the information relevant to the decision reason (presence or absence of a zero outcome and the implication of risk) with that considered by the individual (certainty of gain vs. risk of no gain or loss), there's a partial alignment in the sense that both involve considerations of risk and certainty. However, the decision reason's specific criteria about zero outcomes don't directly apply since neither lottery offers a zero outcome. The individual's justification focuses more on the risk aspect and the certainty of gain rather than the specific presence or absence of a zero outcome. Therefore, while there's a thematic connection, the decision reason as stated doesn't perfectly match the individual's justification, which leans more towards risk aversion and the value of certainty rather than the technical absence of a zero outcome."",
  
  ""final_assessment_score"": 20
}"
20,"{
  ""step_1"": ""The decision reason can be applied to the decision problem. The relevant information is the presence or absence of a zero outcome in each lottery. Lottery A has a -6000 Euros outcome but no zero outcome, while Lottery B has a zero outcome. The decision reason prefers the lottery without a zero outcome, which in this case would be Lottery A."",
  ""step_2"": ""The individual considered the risk of a high loss in Lottery A as too high. The justification for the choice is based on the perceived risk of losing a significant amount in Lottery A. The individual does not explicitly mention the presence or absence of zero outcomes in the lotteries as a factor in their decision."",
  ""step_3"": ""Comparing the information relevant to the decision reason (presence or absence of a zero outcome) with that considered by the individual (risk of high loss), it appears that the individual did not directly consider the factor that the decision reason is based on. The individual's justification for the choice (risk of high loss) does not align with the decision reason's rule (preference for the lottery without a zero outcome). Therefore, it seems unlikely that the individual used the decision reason to make the decision."",
  ""final_assessment_score"": 0
}"
