problemID,response
1,"{
  ""step_1"": ""The decision reason evaluates the variance of the lotteries and prefers the one with the smaller variance. To assess whether this reason can be applied, we compute the variance for both lotteries. Variance measures the spread of outcomes around the expected value. For Lottery A: outcomes are 2500 (33%), 2400 (66%), and 0 (1%). For Lottery B: outcome is 2400 with 100% probability. Since Lottery B has only one outcome, its variance is 0. Lottery A has multiple outcomes, so its variance is positive. Therefore, the decision reason is applicable: it compares variances and prefers the lottery with the smaller variance (i.e., Lottery B)."",
  ""step_2"": ""The individual's verbal report states: 'Lotterie A gibt mir mehr Wahrscheinlichkeiten auch ein größeren Gewinn zu machen als in Lotterie B denn da hab ich nur eine Wahrscheinlichkeit.' This translates to: 'Lottery A gives me more probabilities, also a larger win than in Lottery B because there I only have one probability.' The individual focuses on the number of outcomes and the potential for a higher win (2500 euros) in Lottery A. They do not mention variance, risk, spread of outcomes, or the difference in variability between the lotteries. The justification centers on the number of probability scenarios and the possibility of a larger payout, not on variance or risk dispersion. Thus, the deliberation process does not reference variance or the decision reason's rule."",
  ""step_3"": ""The information relevant to the decision reason (variance comparison) is not considered by the individual. The individual instead focuses on the number of outcomes and the potential for a higher payoff, which reflects a different reasoning—possibly a focus on expected value or the possibility of a large win rather than risk dispersion. The decision reason's rule (prefer the lottery with smaller variance) is not reflected in the justification. Therefore, the individual did not use the variance-based decision reason. The reasoning is inconsistent with the decision reason's logic, which evaluates spread of outcomes, not just the number of outcomes or the existence of a large win."",
  ""final_assessment_score"": 0
}"
2,"{
  ""step_1"": ""The decision reason evaluates the variance of the lotteries and prefers the one with the smaller variance. To assess variance, we compute the variance for each lottery. Variance is calculated as the sum of (outcome - expected value)^2 multiplied by their respective probabilities. \n\nLottery A: \n- Expected value = 2400 * 0.34 + 0 * 0.66 = 816\n- Variance = (2400 - 816)^2 * 0.34 + (0 - 816)^2 * 0.66\n  = (1584)^2 * 0.34 + (816)^2 * 0.66\n  = 2,480,496 * 0.34 + 665,856 * 0.66\n  = 843,368.64 + 439,464.96 = 1,282,833.6\n\nLottery B:\n- Expected value = 2500 * 0.33 + 0 * 0.67 = 825\n- Variance = (2500 - 825)^2 * 0.33 + (0 - 825)^2 * 0.67\n  = (1675)^2 * 0.33 + (825)^2 * 0.67\n  = 2,805,625 * 0.33 + 680,625 * 0.67\n  = 925,856.25 + 455,988.75 = 1,381,845\n\nComparing variances: Lottery A has variance ≈ 1,282,833.6; Lottery B has variance ≈ 1,381,845. Therefore, Lottery A has a smaller variance. The decision reason would thus prefer Lottery A over Lottery B."",
  ""step_2"": ""The individual compares Lotterie A and B and notes that the percentage difference in probabilities is only small (1%). The individual states that they would prefer to take on risk with a smaller probability, choosing Lottery B instead of Lottery A. The individual also notes that Lottery B has a higher monetary amount (2500 vs. 2400) and that the difference in money is worth considering. The justification centers on risk-taking: preferring a lottery with a smaller probability of winning (i.e., lower probability of 33% vs. 34%) and a higher payout, suggesting a preference for risk exposure rather than risk aversion. There is no mention of variance, expected value, or any calculation related to variability of outcomes. Instead, the individual focuses on the slight difference in probabilities and the higher payout of B as reasons for choosing B."",
  ""step_3"": ""The decision reason is based on variance and prefers the lottery with the smaller variance (Lottery A). However, the individual's verbal report does not mention variance at all. Instead, the individual justifies the choice by citing a small difference in probabilities (1%) and a higher payout in Lottery B, and expresses a preference for taking risk with a smaller probability. This indicates a focus on probability differences and payout magnitude, not on variance. The individual’s reasoning is inconsistent with the decision reason, which requires evaluating and preferring the lottery with lower variance. Since the individual neither considers variance nor applies the rule of preferring lower variance, the decision reason was not used. The reported reasoning reflects a different decision criterion (e.g., risk preference or payout size), not variance-based reasoning."",
  ""final_assessment_score"": 0
}"
3,"{
  ""step_1"": ""The decision reason evaluates the variance of the lotteries and prefers the one with the smaller variance. To assess variance, we compute the expected value and the spread of outcomes. Lottery A has outcomes of 4000 euros (80%) and 0 euros (20%), so its variance is positive due to the risk. Lottery B has a fixed outcome of 3000 euros (100%), so its variance is zero. Therefore, Lottery B has a smaller variance than Lottery A. The decision reason clearly applies to this decision problem, as variance can be computed from the outcomes and probabilities."",
  ""step_2"": ""The individual in the verbal report discusses the potential gain from Lottery A, noting that even though Lottery B guarantees 3000 euros, the 80% chance of getting 4000 euros might be more attractive. The individual emphasizes the higher probability of getting 4000 euros compared to the 20% chance of getting nothing. The focus is on the likelihood of receiving a higher amount in A, not on comparing variances. There is no mention of variance, risk, or spread of outcomes. The justification centers on the perceived higher expected gain (implied by the 80% chance of 4000 euros) rather than on minimizing variance. Thus, the deliberation process is based on expected value or probability-weighted gains, not variance minimization."",
  ""step_3"": ""The information relevant to the decision reason (variance comparison) is not considered by the individual. The individual focuses on the probability of receiving 4000 euros and the risk of getting nothing, which reflects a concern for expected value or risk of loss, not variance. The decision reason's rule — preferring the lottery with smaller variance — is not reflected in the justification. Instead, the individual appears to favor Lottery A due to the higher potential gain, which is inconsistent with preferring the lower-variance lottery (B). Therefore, the decision reason was not used in the deliberation process."",
  ""final_assessment_score"": 0
}"
4,"{
  ""step_1"": ""The decision reason evaluates the variance of the lotteries and prefers the one with the smaller variance. To compute variance, we use the formula: Var = Σ(p_i * (x_i - μ)^2), where p_i is the probability, x_i is the outcome, and μ is the expected value. \n\nLottery A: \n- Expected value = 0.20 * 4000 + 0.80 * 0 = 800 Euros\n- Variance = 0.20 * (4000 - 800)^2 + 0.80 * (0 - 800)^2 = 0.20 * (3200)^2 + 0.80 * (800)^2 = 0.20 * 10,240,000 + 0.80 * 640,000 = 2,048,000 + 512,000 = 2,560,000\n\nLottery B: \n- Expected value = 0.25 * 3000 + 0.75 * 0 = 750 Euros\n- Variance = 0.25 * (3000 - 750)^2 + 0.75 * (0 - 750)^2 = 0.25 * (2250)^2 + 0.75 * (750)^2 = 0.25 * 5,062,500 + 0.75 * 562,500 = 1,265,625 + 421,875 = 1,687,500\n\nComparison: Lottery A has a variance of 2,560,000; Lottery B has a variance of 1,687,500. Thus, Lottery B has a smaller variance. According to the decision reason, the individual should prefer Lottery B due to its lower variance. The information required by the decision reason (variance) is derivable from the outcomes and probabilities of the lotteries."",
  ""step_2"": ""The individual states: 'mit einem Vergleich beider Gewinne kann ich ausschließen, dass mir Lotterie mehr Gewinn bringen könnte, auch mit einer kleineren Prozentzahl als Lotterie B wäre mir das Risiko das wert.'\n\nTranslation: 'By comparing both prizes, I can rule out that either lottery could bring me more profit, even with a smaller percentage than Lottery B, I would still find the risk unacceptable.'\n\nSummary of considered information: The individual compares the potential winnings and concludes that neither lottery offers a higher expected gain. The individual expresses concern about risk, stating that even if a lottery had a smaller probability, the risk would still be unacceptable. The individual does not mention variance, expected value, or any formal calculation of risk dispersion. The focus is on the risk being unacceptable, not on comparing variances or risk levels quantitatively. There is no reference to variance or the concept of risk in terms of variability of outcomes."",
  ""step_3"": ""Comparison of information: The decision reason requires evaluating and comparing the variance of the lotteries. The individual’s report does not mention variance or any measure of dispersion (like standard deviation or variance). Instead, the individual focuses on the expected value (implied by comparing prizes) and expresses a general aversion to risk without referencing the magnitude of risk in terms of variability.\n\nComparison of justification: The decision reason’s rule is to prefer the lottery with the smaller variance. The individual’s justification is based on a subjective aversion to risk, not on a comparison of variance. The individual does not apply any rule based on variance; rather, they state that risk is unacceptable regardless of the probability or outcome structure.\n\nTherefore, the individual did not use the decision reason involving variance. The reasoning is qualitatively different and does not reflect the specific rule of preferring lower variance.\n\nFinal assessment: 0"",
  ""final_assessment_score"": 0
}"
5,"{
  ""step_1"": ""The decision reason evaluates the variance of the lotteries and prefers the one with the smaller variance. To compute variance, we use the formula: Var = Σ (outcome - expected value)^2 × probability. First, compute the expected value and variance for both lotteries.\n\nLottery A: Expected value = 3000 × 0.9 + 0 × 0.1 = 2700. Variance = (3000 - 2700)^2 × 0.9 + (0 - 2700)^2 × 0.1 = (900)^2 × 0.9 + (7290000) × 0.1 = 729000 × 0.9 + 729000 = 656100 + 729000 = 1,385,100.\n\nLottery B: Expected value = 6000 × 0.45 + 0 × 0.55 = 2700. Variance = (6000 - 2700)^2 × 0.45 + (0 - 2700)^2 × 0.55 = (3300)^2 × 0.45 + (7290000) × 0.55 = 10,890,000 × 0.45 + 7290000 × 0.55 = 4,900,500 + 4,009,500 = 8,910,000.\n\nVariance of A: 1,385,100; Variance of B: 8,910,000. Thus, A has a smaller variance. The decision reason prefers A due to lower variance. The relevant information for the reason is therefore available and clearly applicable to the decision problem."",
  ""step_2"": ""The individual's verbal report describes the following considerations: - Lottery A has a clear percentage (90% chance of 3000 Euros), which does not go too far into risk, because only 10% chance of getting 0 Euros, which would be less damaging than the risk in Lottery B. - Lottery B has a more balanced distribution (45% and 55%), but the individual notes that the 55% chance of losing money (getting 0) is more concerning. The individual emphasizes that losing money in B is more risky because of the higher probability of getting nothing. The justification focuses on the risk of losing money and the perceived harm of getting zero euros, especially in B. There is no mention of variance, standard deviation, or any formal calculation of variability in outcomes. The individual’s reasoning is based on the perceived risk of loss and emotional weight of getting zero, not on variance as a mathematical property of the distribution."",
  ""step_3"": ""Comparison of information: The decision reason requires consideration of variance — specifically, the spread of outcomes around the mean. The individual did consider risk and the probability of getting zero, but not the variance. The individual’s reasoning is based on the emotional or subjective harm of losing money (especially in B with 55% chance), not on a calculation or comparison of variance. The decision reason’s rule (prefer smaller variance) is not reflected in the reported deliberation. The individual’s justification centers on the probability of loss and the perceived severity of that loss, not on variance. Therefore, the decision reason was not used in the reported reasoning process. The individual’s thought process does not align with the variance-based rule, even though the variance is mathematically relevant. Thus, the reason was not applied."",
  ""final_assessment_score"": 0
}"
6,"{
  ""step_1"": ""The decision reason evaluates the variance of the lotteries and prefers the one with the smaller variance. Variance in a lottery with two outcomes (winning amount and probability, losing amount and probability) is calculated as: Var = p * (x - μ)² + (1 - p) * (0 - μ)², where x is the winning amount, p is the probability of winning, and μ is the expected value. Since both lotteries have a 0 euro outcome with high probability and a fixed winning amount, the variance depends on the square of the winning amount multiplied by the probability of winning. For both lotteries, the winning amount is the same (6000 for B, 3000 for A), so the variance is proportional to the square of the winning amount times the probability of winning. Thus, variance for Lottery A: (0.002) * (3000)² = 0.002 * 9,000,000 = 18,000. Variance for Lottery B: (0.001) * (6000)² = 0.001 * 36,000,000 = 36,000. Therefore, Lottery A has a smaller variance (18,000 < 36,000). The decision reason correctly identifies that A has smaller variance and thus prefers A. The relevant information for the decision reason is present and derivable from the lotteries' outcomes and probabilities."",
  ""step_2"": ""The individual in the verbal report compares the probabilities: they note that Lottery A has a larger percentage (0.02%) than Lottery B, though they are uncertain about whether B has 0.1% or if the lack of a zero after the decimal makes it larger. They acknowledge that both lotteries involve a high chance of losing (99.8% or 99.9%), and both are risky. The individual states that A was not 'an all too large risk' compared to B, suggesting they perceive A as less risky. However, the report does not mention variance, expected value, or any calculation involving the spread of outcomes. The justification is based on perceived risk level and probability size, not on variance. The individual does not refer to the magnitude of the winning amounts, nor to the variability of outcomes, which are central to the variance-based decision reason."",
  ""step_3"": ""The information relevant to the decision reason (variance) is not considered by the individual. The individual focuses on the probability values and their perception of risk, not on the variance of the lotteries. The decision reason requires comparing the variance, which depends on both the winning amount and the probability. The individual's justification is based on a subjective comparison of probabilities and perceived risk, not on a calculation or reasoning about variance. Therefore, the decision reason was not used in the deliberation process. The individual did not apply the rule that prefers the lottery with smaller variance. Final assessment: 0."",
  ""final_assessment_score"": 0
}"
7,"{
  ""step_1"": ""The decision reason evaluates the variance of the lotteries and prefers the one with the smaller variance. To compute variance, we need the expected value and the probability distribution of outcomes. For Lottery A: outcomes are -4000 with 80% probability and 0 with 20%. For Lottery B: outcome is -3000 with 100% probability. Variance is calculated as the expected value of squared deviations from the mean. First, compute the mean (expected value) of each lottery. For A: E[A] = (0.8)(-4000) + (0.2)(0) = -3200. Variance of A = 0.8*(-4000 + 3200)^2 + 0.2*(0 + 3200)^2 = 0.8*(800)^2 + 0.2*(3200)^2 = 0.8*640000 + 0.2*10240000 = 512000 + 2048000 = 2,560,000. For B: E[B] = -3000. Variance of B = (1)(-3000 + 3000)^2 = 0. Variance of B is 0. Therefore, Lottery B has a smaller variance (0) than Lottery A (2,560,000). The decision reason thus prefers Lottery B due to its smaller variance."",
  ""step_2"": ""The individual states: 'ich würde eher das Risiko eingehen mehr zu verlieren aber dennoch die chance zu haben gar nichts zu verlieren anstatt nur eine Wahrscheinlichkeit zu haben wo ich 100% einen Verlust machen würde.' This translates to: 'I would rather take the risk of losing more, but still have the chance to lose nothing, rather than having only a probability where I would lose for sure.' The individual expresses a preference for Lottery A because it offers a 20% chance of losing nothing (i.e., gaining zero), whereas Lottery B guarantees a loss of 3000 euros. The individual emphasizes the possibility of avoiding loss entirely, even if it comes with a higher risk of losing more. There is no mention of variance, standard deviation, or any quantitative comparison of risk dispersion. The justification centers on the existence of a non-loss outcome in Lottery A versus a certain loss in Lottery B, highlighting risk aversion in favor of a chance to avoid loss."",
  ""step_3"": ""The decision reason is based on variance and prefers the lottery with smaller variance (Lottery B). However, the individual’s verbal report does not mention variance, standard deviation, or any measure of dispersion. Instead, the individual focuses on the presence of a chance to lose nothing in Lottery A versus a certain loss in Lottery B. The individual's reasoning reflects a preference for a non-certain outcome with a small chance of no loss, which aligns more with a risk-seeking or risk-averse preference for avoiding certain loss, not with a variance-based evaluation. The information considered (presence of a zero outcome) is different from the information required by the variance-based reason. The justification does not reference variance or any calculation of risk dispersion. Therefore, the individual did not use the variance-based decision reason. The reasoning is qualitatively different and not grounded in the rule of minimizing variance."",
  ""final_assessment_score"": 0
}"
8,"{
  ""step_1"": ""The decision reason evaluates the variance of the lotteries and prefers the one with the smaller variance. To compute variance for a lottery with outcomes and probabilities, we use the formula: Var = Σ(p_i * (x_i - E[X])^2), where E[X] is the expected value. However, since both lotteries have a zero outcome with high probability and negative outcomes otherwise, we can simplify the variance calculation by focusing on the squared deviations from the expected value. \n\nLottery A: \n- Expected value = (0.25 * -3000) + (0.75 * 0) = -750\n- Variance = 0.25 * (-3000 + 750)^2 + 0.75 * (0 + 750)^2 = 0.25 * (-2250)^2 + 0.75 * (750)^2 = 0.25 * 5,062,500 + 0.75 * 562,500 = 1,265,625 + 421,875 = 1,687,500\n\nLottery B: \n- Expected value = (0.20 * -4000) + (0.80 * 0) = -800\n- Variance = 0.20 * (-4000 + 800)^2 + 0.80 * (0 + 800)^2 = 0.20 * (-3200)^2 + 0.80 * (800)^2 = 0.20 * 10,240,000 + 0.80 * 640,000 = 2,048,000 + 512,000 = 2,560,000\n\nTherefore, Lottery A has a smaller variance (1,687,500) than Lottery B (2,560,000). The decision reason thus prefers Lottery A. The relevant information for the decision reason is available and can be derived from the lotteries' outcomes and probabilities."",
  ""step_2"": ""The individual's verbal report states: 'auch wenn es eine kleinere Prozentzahl hat im Gegensatz zu Lotterie B, so würde ich die kleinere Wahrscheinlichkeit haben einen größeren Verlust zu machen.'\n\nTranslation: 'Even though it has a smaller percentage than Lottery B, I would have a smaller probability of suffering a larger loss.'\n\nThis indicates that the individual is comparing the probabilities of experiencing a large loss. Specifically, they note that Lottery A has a 25% chance of a -3000 euro loss, while Lottery B has a 20% chance of a -4000 euro loss. The individual interprets the 25% as a 'smaller percentage' than B's 20% — which is incorrect (25% is larger than 20%). This appears to be a misstatement or confusion in numbers. However, the core idea is that the individual is focusing on the probability of incurring a large loss (i.e., a significant negative outcome), and they are concerned about minimizing the chance of a large loss. The individual does not mention variance, expected value, or the spread of outcomes. Instead, they focus on the probability of experiencing a large monetary loss, suggesting a risk-averse orientation, but not explicitly using a variance-based rule. The justification centers on avoiding large losses, not on comparing variances."",
  ""step_3"": ""The decision reason is based on variance — preferring the lottery with the smaller variance. The individual’s consideration does not involve variance or any calculation of variability in outcomes. Instead, the individual focuses on the probability of incurring a large loss (e.g., -3000 vs. -4000), which is a different concept. While the individual may intuitively be concerned with risk, they do not refer to variance or apply the rule that smaller variance is preferred. The comparison of probabilities of large losses does not equate to variance analysis. Therefore, the individual did not use the decision reason involving variance. The reasoning is conceptually different and does not align with the rule of the decision reason."",
  ""final_assessment_score"": 0
}"
9,"{
  ""step_1"": ""The decision reason evaluates the variance of the lotteries and prefers the one with the smaller variance. To assess variance, we need the outcomes and their probabilities. Lottery A has a -3000 Euro outcome with 90% probability and 0 Euro with 10%. Lottery B has -6000 Euro with 45% probability and 0 Euro with 55%. Variance is calculated as the sum of (probability × (outcome - expected value)^2). The reason applies to this decision problem because both lotteries have distinct outcomes and probabilities, and variance can be meaningfully computed for both. Thus, the decision reason is applicable."",
  ""step_2"": ""The individual in the verbal report states: 'In Lotterie B geh ich ein kleineres Risiko ein als in Lotterie A, denn ich hab weniger als die Hälfte die Wahrscheinlichkeit ein Verlust zu machen als in Lotterie A.' This translates to: 'In Lottery B I take a smaller risk than in Lottery A, because I have less than half the probability of losing money in Lottery A.' The individual focuses on the probability of losing money, specifically comparing the chance of a loss (negative outcome). In Lottery A, the probability of losing is 90%, while in Lottery B it is 45%. The individual correctly identifies that B has a lower probability of loss. However, the individual does not mention variance, expected value, or any calculation involving the spread of outcomes. The justification is based solely on the probability of loss, not on variance. The deliberation process centers on risk of loss, not on variability of outcomes beyond the binary loss or no loss."",
  ""step_3"": ""The decision reason is based on variance, which measures the spread of possible outcomes around the expected value. The individual's reasoning is based on the probability of loss (a binary outcome), not on the variance. While the probability of loss is related to risk, it is not equivalent to variance. For example, even if two lotteries have the same probability of loss, their variances could differ. Here, the individual does not compute or refer to variance. They do not consider the magnitude of the losses or how much the outcomes differ from the expected value. Therefore, the individual did not use the variance-based decision reason. The reasoning is conceptually different and does not reflect the rule of preferring the lottery with smaller variance. Thus, the decision reason was not used."",
  ""final_assessment_score"": 0
}"
10,"{
  ""step_1"": ""The decision reason evaluates the variance of the lotteries and prefers the one with the smaller variance. To compute variance, we consider the expected value and the spread of outcomes. For both lotteries, the outcomes are either -6000 or 0, and -3000 or 0, respectively. The variance is calculated as E[X²] - (E[X])². Since the expected value (mean) is negative in both cases, the variance depends on the squared deviations from the mean. For Lottery A: E[X] = (-6000)(0.001) + (0)(0.999) = -6; E[X²] = (-6000)²(0.001) = 36,000,000 × 0.001 = 36,000; Variance = 36,000 - (-6)² = 36,000 - 36 = 35,964. For Lottery B: E[X] = (-3000)(0.002) = -6; E[X²] = (-3000)²(0.002) = 9,000,000 × 0.002 = 18,000; Variance = 18,000 - 36 = 17,964. Thus, Lottery B has a smaller variance (17,964 < 35,964). Therefore, the decision reason would prefer Lottery B. The relevant information (variance comparison) is derivable from the lotteries' outcomes and probabilities."",
  ""step_2"": ""The individual states that the probability of losing in Lottery A is smaller than in Lottery B (0.1% vs. 0.2%). However, they also express a preference for taking the risk of a larger loss (6000 vs. 3000) in a smaller probability, indicating a willingness to accept a higher potential loss in exchange for a lower probability of loss. This reflects a risk-seeking attitude or a focus on the magnitude of the loss rather than variability. The individual does not mention variance, nor do they compare the spread of outcomes or the dispersion of possible losses. The justification centers on the probability of loss and the trade-off between loss magnitude and probability, not on variance. Thus, the deliberation process focuses on loss probability and loss size, not on variance."",
  ""step_3"": ""The information relevant to the decision reason (variance) is not considered by the individual. The individual focuses on the probability of loss and the magnitude of the loss, not on the variance. The decision reason's rule—preferring the lottery with smaller variance—is not reflected in the justification. Instead, the individual justifies their choice based on a risk-taking preference for a larger loss in a smaller probability, which is inconsistent with a variance-based evaluation. Therefore, the decision reason was not used in the deliberation process."",
  ""final_assessment_score"": 0
}"
11,"{
  ""step_1"": ""The decision reason evaluates lotteries based on variance. Variance measures the spread of outcomes around the expected value. For Lottery A: 500 Euros with 100% probability, the variance is 0 (no uncertainty). For Lottery B: 1000 Euros with 50% probability and 0 Euros with 50% probability, the expected value is 500 Euros, and the variance is (1000 - 500)^2 * 0.5 + (0 - 500)^2 * 0.5 = 250000 * 0.5 + 250000 * 0.5 = 250000. Thus, Lottery A has zero variance and Lottery B has high variance. The decision reason prefers the lottery with smaller variance, which is Lottery A. Therefore, the reason is applicable and clearly defined in terms of the lotteries' outcomes and probabilities."",
  ""step_2"": ""The individual in the verbal report emphasizes that Lottery A is safer than Lottery B. The individual expresses reluctance to take the risk of Lottery B, even if it offers a higher potential payoff (1000 Euros), because the risk is not worth the potential gain. The individual compares the risk of getting only half of Lottery A (i.e., 250 Euros) to the risk of getting 1000 Euros with only 50% chance. The individual concludes that they would not take the risk of Lottery B because the potential gain is not sufficient to justify the risk. This reflects a risk-averse attitude and a focus on certainty and safety. However, the individual does not explicitly mention variance or compare the variability of outcomes. The justification is based on perceived risk and certainty, not on a formal calculation or comparison of variance."",
  ""step_3"": ""The information relevant to the decision reason — the variance of the lotteries — is not explicitly discussed or calculated in the verbal report. While the individual correctly identifies that A is safer and expresses discomfort with risk, the reasoning is framed in terms of risk perception and certainty, not in terms of variance. The decision reason specifically requires a comparison of variance and a preference for the lottery with smaller variance. Since the individual does not mention variance, nor does their justification follow the rule of preferring lower variance, the use of the decision reason is absent. The reasoning is qualitatively similar (risk aversion), but not based on the formal rule of variance. Therefore, the individual did not use the specified decision reason."",
  ""final_assessment_score"": 0
}"
12,"{
  ""step_1"": ""The decision reason evaluates the variance of the lotteries. Variance measures the spread of outcomes around the expected value. For Lottery A: outcomes are -1000 with 50% probability and 0 with 50% probability. The variance is calculated as: (0.5)(-1000 - E)^2 + (0.5)(0 - E)^2, where E = (0.5)(-1000) + (0.5)(0) = -500. So variance = 0.5*(-1000 + 500)^2 + 0.5*(0 + 500)^2 = 0.5*(250000) + 0.5*(250000) = 250000. For Lottery B: outcome is -500 with 100% probability, so variance = 0. Thus, Lottery B has zero variance, and Lottery A has higher variance. The reason prefers the lottery with smaller variance, so it prefers Lottery B."",
  ""step_2"": ""The individual expresses a preference for the probability structure of Lottery B, stating that 'the probability at Lottery B is more pleasant than the probability of losing double with 50% chance of not losing.' This reflects a preference for certainty over risk. The individual is contrasting the 50% chance of losing 1000 euros (in Lottery A) with the certain loss of 500 euros (in Lottery B). The individual does not mention variance, spread of outcomes, or any calculation involving deviations from the mean. The justification is based on the emotional or subjective comfort of certainty versus risk, not on variance as a quantitative measure. The individual does not refer to standard deviation, expected value differences, or dispersion of outcomes."",
  ""step_3"": ""The information relevant to the decision reason (variance) is not mentioned or considered in the verbal report. The individual focuses on the emotional appeal of certainty and the discomfort of a 50% chance of losing more, which reflects a risk-aversion heuristic, but not a variance-based evaluation. The decision reason specifically requires consideration of variance and a preference for the lottery with smaller variance. Since variance is not discussed and the justification is based on subjective comfort rather than variance, the individual did not use the decision reason. Therefore, the decision reason was not used."",
  ""final_assessment_score"": 0
}"
13,"{
  ""step_1"": ""The decision reason evaluates the variance of the lotteries and prefers the one with the smaller variance. To assess applicability, we compute the variance for both lotteries.\n\nLottery B: \n- Outcome: 6000 with 25%, 0 with 75%\n- Expected value = 0.25 * 6000 + 0.75 * 0 = 1500\n- Variance = 0.25*(6000 - 1500)² + 0.75*(0 - 1500)² = 0.25*(4500)² + 0.75*(1500)² = 0.25*20,250,000 + 0.75*2,250,000 = 5,062,500 + 1,687,500 = 6,750,000\n\nLottery A:\n- Outcomes: 4000 (25%), 2000 (25%), 0 (50%)\n- Expected value = 0.25*4000 + 0.25*2000 + 0.5*0 = 1000 + 500 + 0 = 1500\n- Variance = 0.25*(4000 - 1500)² + 0.25*(2000 - 1500)² + 0.5*(0 - 1500)²\n  = 0.25*(2500)² + 0.25*(500)² + 0.5*(1500)²\n  = 0.25*6,250,000 + 0.25*250,000 + 0.5*2,250,000\n  = 1,562,500 + 62,500 + 1,125,000 = 2,749,000\n\nComparison: Variance of A (2,749,000) < Variance of B (6,750,000). Therefore, the decision reason applies and prefers Lottery A. The relevant information (variance) is derivable from the outcomes and probabilities, so the decision reason is applicable to the problem."",
  ""step_2"": ""The verbal report states: 'Lotterie A hat mehrere Wahrscheinlichkeiten bzw. zwei Wahrscheinlichkeiten ein Gewinn zu bekommen als in Lotterie B, denn da hat man nur eine Wahrscheinlichkeit etwas zu gewinnen oder gar nichts zu gewinnen.'\n\nSummary of considered information: The individual notes that Lottery A has multiple chances to win (two winning outcomes: 4000 and 2000), while Lottery B has only one chance to win (6000) or nothing. The focus is on the number of winning outcomes and the structure of probabilities, not on the magnitude of deviations from the mean or on variance.\n\nJustification: The individual justifies the preference for A by emphasizing the multiplicity of winning opportunities, not by comparing risk or variability. There is no mention of variance, standard deviation, or dispersion of outcomes. The reasoning is about the number of possible winning scenarios, not about the spread or volatility of the outcomes."",
  ""step_3"": ""Comparison of information: The decision reason requires evaluating variance, which is a measure of how spread out the outcomes are from the mean. The individual’s report does not mention variance or any measure of dispersion. Instead, the individual focuses on the number of winning outcomes (two in A vs. one in B), which is a different concept related to outcome diversity, not risk or variability.\n\nComparison of justification: The decision reason’s rule is to prefer the lottery with smaller variance. The individual’s justification is based on the number of winning probabilities, not on variance. There is no reference to risk, spread, or deviation from the expected value.\n\nTherefore, the individual did not use the decision reason (which is about variance) in their deliberation. The reasoning described is conceptually different and does not align with the variance-based rule.\n\nFinal assessment: 0"",
  ""final_assessment_score"": 0
}"
14,"{
  ""step_1"": ""The decision reason evaluates the variance of the lotteries and prefers the one with the smaller variance. To assess variance, we need to compute the expected value and the variance of each lottery. However, the decision reason specifically focuses on variance, not just the number of outcomes or probabilities. Variance measures the spread of outcomes around the expected value. For Lottery A: outcomes are -6000 with 25% probability and 0 with 75%. For Lottery B: outcomes are -4000, -2000, and 0 with 25% each and 50% probability. The variance can be computed based on these probabilities and outcomes. The reason is applicable because variance is a well-defined statistical property of the lotteries and can be derived from the given outcomes and probabilities. Thus, the decision reason can be applied to the decision problem."",
  ""step_2"": ""The individual's verbal report states: 'Es gibt eine kleinere Wahrscheinlichkeit in Lotterie A. In B hat man 3 Wahrscheinlichkeiten , und damit auch eine größere chance, durch die zwei Wahrscheinlichkeiten, etwas zu verlieren.' This translates to: 'There is a smaller probability in Lottery A. In B, there are three probabilities, and thus also a greater chance, through the two probabilities, to lose something.' The individual is comparing the number of outcomes (probabilities) in the lotteries, noting that Lottery A has only two outcomes (with 25% and 75%), while Lottery B has three outcomes (25%, 25%, 50%). The individual infers that because B has more probabilities, there is a greater chance of losing money. This reflects a focus on the number of possible outcomes and the perceived risk associated with multiple negative outcomes, rather than on actual variance. The individual does not compute or refer to expected values or variance explicitly. The justification is based on a qualitative observation about the number of risk scenarios, not on a formal or quantitative comparison of variance."",
  ""step_3"": ""The decision reason requires a comparison of variance, which is a quantitative measure of risk dispersion. The individual's reasoning is based on the number of probability outcomes and a qualitative interpretation of risk, not on variance calculation or variance comparison. While the individual may intuitively perceive that more outcomes imply more risk, this is not equivalent to evaluating variance. For example, in Lottery B, the outcomes are -4000, -2000, and 0, which have a smaller spread than the -6000 and 0 in Lottery A, but this is not acknowledged. The individual does not reference expected values or variance, nor do they apply the rule that prefers the lottery with smaller variance. Therefore, the individual did not use the decision reason as specified. The reasoning is conceptually different and lacks the necessary elements of variance analysis. Thus, the decision reason was not used."",
  ""final_assessment_score"": 0
}"
15,"{
  ""step_1"": ""The decision reason evaluates the variance of the lotteries and prefers the one with the smaller variance. To assess applicability: Lottery A offers 5 Euros with 100% probability, so its variance is 0 (since there is no uncertainty). Lottery B offers 5000 Euros with 0.1% probability and 0 Euros with 99.9% probability. The variance of B can be calculated as: (5000 - 0)^2 * 0.001 + (0 - 0)^2 * 0.999 = 25,000,000 * 0.001 = 25,000. Thus, Lottery A has variance 0 and Lottery B has variance 25,000. Therefore, the decision reason applies: it clearly favors Lottery A due to its smaller variance."",
  ""step_2"": ""The individual expresses that despite Lottery A offering only 5 Euros, they find it safer than Lottery B, which offers a very low probability (0.1%) of winning 5000 Euros. The individual emphasizes that winning only a small amount (5 Euros) is certain, while winning 5000 Euros is 'too risky' with only a 0.1% chance. The deliberation focuses on risk and certainty, specifically highlighting the riskiness of the low-probability high-reward outcome. There is no mention of variance, standard deviation, or any quantitative comparison of risk dispersion. The justification centers on subjective risk aversion and certainty rather than variance calculation or comparison."",
  ""step_3"": ""The information relevant to the decision reason (variance comparison) is present in the problem: A has zero variance, B has high variance. However, the individual does not mention variance, standard deviation, or any formal or informal comparison of variability. Instead, the justification is based on a qualitative assessment of risk and certainty, stating that the 0.1% chance is 'too risky' without referencing variance. Therefore, while the individual's choice aligns with the outcome predicted by the variance-based reason (preferring A), the actual reasoning process does not involve the variance metric or its rule. The individual used a different reasoning principle (risk aversion based on probability of large gain) rather than the variance-based rule. Thus, the decision reason was not explicitly or implicitly applied in the reported deliberation process."",
  ""final_assessment_score"": 30
}"
16,"{
  ""step_1"": ""The decision reason evaluates the variance of the lotteries and prefers the one with the smaller variance. To assess variance, we need to compute the expected value and the variance of each lottery. Lottery A has a -5000 Euro outcome with 0.1% (0.001) probability and 0 Euro with 99.9% probability. The variance of A is calculated as: Var(A) = (0.001)(-5000 - E[A])² + (0.999)(0 - E[A])². First, E[A] = 0.001*(-5000) + 0.999*0 = -5. Then Var(A) = 0.001*(-5000 + 5)² + 0.999*(0 + 5)² = 0.001*(-4995)² + 0.999*(25) ≈ 0.001*24,950,025 + 24.975 ≈ 24,950.025 + 24.975 ≈ 24,975. Lottery B has a -5 Euro outcome with 100% probability, so E[B] = -5 and Var(B) = 0 (since there is no variability). Therefore, the variance of B is 0, which is much smaller than the variance of A (≈24,975). Thus, according to the decision reason, B has smaller variance and should be preferred. The reason can be applied to this decision problem."",
  ""step_2"": ""The individual's verbal report states: 'Gar kein Verlust wäre mir lieber als Lotterie B zu wählen, denn trotzdem würde ich einen größeren Verlust in B haben als in Lotterie A denn die Wahrscheinlichkeit noch mehr als Lotterie B zu verlieren, ist viel mehr kleiner als gar kein Gewinn zu machen.' This translates to: 'I would prefer no loss rather than choosing Lottery B, because even though I would suffer a greater loss in B than in A, the probability of losing more than in Lottery B is much smaller than having no gain.' The individual is comparing the magnitude of loss in A versus B and emphasizes that in A, there is a small chance of a large loss (-5000 Euros), while in B, there is a certain loss of -5 Euros. The individual expresses a preference for avoiding the risk of a large loss, even if B involves a smaller loss. However, the individual does not mention variance, variability, or any calculation involving the spread of outcomes. Instead, the focus is on the certainty of loss in B versus the risk of a large loss in A. The justification centers on risk aversion and the fear of a large loss, not on variance as a measure of dispersion. The individual does not refer to the variance of the lotteries or any rule based on comparing variances."",
  ""step_3"": ""The information relevant to the decision reason (variance comparison) is not considered by the individual. The individual focuses on the magnitude of losses and the probability of suffering a large loss, which reflects a risk-averse preference for certainty, but not on variance. The decision reason explicitly relies on comparing the variance of the lotteries, preferring the one with smaller variance (which is Lottery B). However, the individual's justification does not mention variance, dispersion, or any formal rule based on variance. Instead, the reasoning is about the size of potential losses and the probability of a large loss, which is a different cognitive process (e.g., loss aversion or risk preference). Therefore, the individual did not use the decision reason involving variance. The reasoning is qualitatively different and does not align with the stated rule of the decision reason."",
  ""final_assessment_score"": 0
}"
17,"{
  ""step_1"": ""The decision reason evaluates the variance of the lotteries. Variance measures the spread of outcomes around the expected value. For Lottery A: outcome is 1500 Euros with 100% probability, so variance is 0. For Lottery B: outcomes are 3000 and -3000 Euros each with 50% probability. The expected value is 0, and the variance is (0.5)*(3000 - 0)^2 + (0.5)*(-3000 - 0)^2 = 0.5*9,000,000 + 0.5*9,000,000 = 9,000,000. Thus, Lottery A has zero variance, and Lottery B has high variance. The decision reason prefers the lottery with smaller variance, so it prefers Lottery A. The relevant information for the reason is clearly present and computable from the lotteries' outcomes and probabilities."",
  ""step_2"": ""The individual reflects on the potential outcomes of Lottery B, noting that even if it were only half as large, they would still not take the risk. The individual expresses a strong aversion to loss, stating that 'mein Verlust wäre dann kein Verlust' (my loss would then not be a loss), suggesting a framing where loss is avoided even in a reduced scenario. This indicates a focus on risk and loss aversion, not on variance calculation. The individual does not mention variance, expected value, or statistical measures. The justification centers on emotional or psychological avoidance of loss, not on comparing variances. There is no explicit or implicit reference to variance or its comparison between the lotteries."",
  ""step_3"": ""The information relevant to the decision reason (variance comparison) is not considered by the individual. The individual does not reference variance, nor does the reasoning involve comparing the spread of outcomes. Instead, the justification is based on a loss-aversion narrative, emphasizing that any loss is unacceptable, regardless of magnitude or probability. This reflects a different decision mechanism (e.g., loss aversion or risk aversion) rather than variance-based evaluation. Therefore, the individual did not use the decision reason that prefers the lottery with smaller variance. The reasoning process is inconsistent with the rule of the decision reason."",
  ""final_assessment_score"": 0
}"
18,"{
  ""step_1"": ""The decision reason evaluates the variance of the lotteries. Variance measures the spread of possible outcomes around the expected value. For Lottery A: outcome is 2000 Euros with 100% probability, so variance is 0 (no uncertainty). For Lottery B: outcomes are 3000 Euros with 50% probability and -3000 Euros with 50% probability. The expected value is 0, and the variance is (3000)^2 * 0.5 + (-3000)^2 * 0.5 = 9,000,000 * 0.5 + 9,000,000 * 0.5 = 9,000,000. Thus, Lottery A has zero variance and Lottery B has high variance. The decision reason prefers the lottery with smaller variance, which is Lottery A. Therefore, the reason is applicable and clearly relevant to the decision problem."",
  ""step_2"": ""The individual states that Lottery A is safer than Lottery B because in Lottery A there is no loss, whereas in Lottery B there is a possibility of a large loss. This reflects a concern about risk and potential losses. The individual focuses on the certainty of receiving 2000 Euros in A versus the risk of losing 3000 Euros in B. There is no mention of variance, expected value, or mathematical measures of dispersion. The justification is based on the emotional or intuitive perception of risk (loss aversion or certainty), not on variance as a formal statistical measure. The deliberation centers on the presence or absence of loss, not on comparing the spread of outcomes."",
  ""step_3"": ""The information relevant to the decision reason (variance) is not explicitly considered or discussed in the verbal report. The individual does not mention variance, spread of outcomes, or any measure of dispersion. Instead, the justification is based on the presence of a loss in B versus no loss in A, which is a different type of reasoning (risk of loss vs. certainty). While the outcome of choosing A is consistent with the decision reason (since A has lower variance), the individual's reasoning process does not invoke or apply the variance-based rule. Therefore, the decision reason was not used in the deliberation process. The reasoning is qualitatively different and does not reflect the application of the variance rule."",
  ""final_assessment_score"": 0
}"
19,"{
  ""step_1"": ""The decision reason evaluates the variance of the lotteries. Variance measures the spread of outcomes around the expected value. For Lottery A: outcomes are +3000 and -3000 with 50% probability each. The expected value is 0, and the variance is (0.5)(3000)^2 + (0.5)(-3000)^2 = 0.5*9,000,000 + 0.5*9,000,000 = 9,000,000. For Lottery B: outcome is 1000 with 100% probability, so variance is 0. Thus, Lottery B has zero variance, and Lottery A has high variance. The reason prefers the lottery with the smaller variance, i.e., Lottery B. The relevant information (variance) is clearly derivable from the outcomes and probabilities of the lotteries."",
  ""step_2"": ""The individual describes a concern about the risk in Lottery A: 'Die Wahrscheinlichkeit bei Lotterie A Geld zu verlieren ist mir zu hoch, den es wäre eine 50/50 chance es sogar ganz zu verlieren und deswegen geh ich auf ein sicheres ein. Dafür geh ich nämlich gar kein Risiko ein.' This means: 'The probability of losing money in Lottery A is too high; it would be a 50/50 chance of losing everything, and therefore I go for a safe option. I therefore take no risk at all.' The individual focuses on the risk of losing money completely (i.e., the possibility of a full loss), and explicitly chooses the certain outcome (Lottery B) to avoid risk. The deliberation centers on risk aversion and the fear of losing all money, not on variance as a formal statistical measure. There is no mention of variance, spread of outcomes, or calculations involving deviations from the mean."",
  ""step_3"": ""The information relevant to the decision reason (variance) is present in the lotteries: Lottery A has high variance, Lottery B has zero variance. However, the individual does not mention variance or any calculation involving spread or deviation. Instead, the justification is based on a qualitative fear of losing all money (a 50/50 chance of losing 3000 euros), which reflects risk aversion but not the specific use of variance as a decision criterion. The decision reason requires the individual to explicitly consider or apply the rule about preferring lower variance. Since the individual does not reference variance or use the variance-based rule, even if they arrive at the same choice, the reason was not used. Therefore, the decision reason was not applied in the deliberation process."",
  ""final_assessment_score"": 0
}"
20,"{
  ""step_1"": ""The decision reason evaluates the variance of the lotteries. Variance measures the spread of possible outcomes around the expected value. For Lottery A: 0 Euros with 100% probability, the variance is 0. For Lottery B: 6000 Euros with 50% probability and -6000 Euros with 50% probability, the expected value is 0, and the variance is (0.5 * 6000²) + (0.5 * (-6000)²) = 0.5 * 36,000,000 + 0.5 * 36,000,000 = 36,000,000. Thus, Lottery A has a variance of 0, and Lottery B has a variance of 36,000,000. The reason prefers the lottery with the smaller variance, which is Lottery A. Therefore, the decision reason is applicable and clearly defined for this decision problem."",
  ""step_2"": ""The individual expresses a preference for avoiding any gain or loss, stating that they would rather have no win and no loss. They describe Lottery B as having 'a much too large risk' that they would end up with less money. This reflects a concern about the potential for a large loss and the uncertainty of outcomes. The individual does not explicitly mention variance, expected value, or risk measures like standard deviation. Instead, the justification is framed in terms of risk aversion and the desire to avoid negative outcomes. The focus is on the emotional or psychological discomfort with potential losses rather than on a formal calculation of variance or dispersion of outcomes."",
  ""step_3"": ""The information relevant to the decision reason (variance) is present in the problem: Lottery A has zero variance, Lottery B has high variance. However, the individual does not refer to variance or any formal measure of dispersion. Instead, they describe the preference in terms of avoiding risk and loss, which aligns with risk aversion but not with the specific rule of preferring the lottery with smaller variance. While the individual's reasoning is consistent with a risk-averse choice (which may be linked to low variance), the explicit use of the variance rule is absent. The justification does not mention variance, probabilities, or dispersion — only the emotional discomfort with potential losses. Therefore, the individual did not apply the specific decision reason (preference for smaller variance) but rather used a qualitatively similar but distinct reasoning (avoiding risk and loss)."",
  ""final_assessment_score"": 30
}"
