problem_index,response
0,"{
  ""step_1"": ""The decision reason evaluates the sum of all pairwise differences of outcomes between the lotteries. We need to compute the outcome differences between Lottery A and Lottery B for each possible outcome in A and compare them. Lottery A has three outcomes: 2500 Euros (33%), 2400 Euros (66%), and 0 Euros (1%). Lottery B has one outcome: 2400 Euros (100%). We compute the pairwise differences between each outcome of A and the outcome of B (2400). The differences are: (2500 - 2400) = 100, (2400 - 2400) = 0, and (0 - 2400) = -2400. Now, we consider the sum of these pairwise differences, weighted by their probabilities in Lottery A. The weighted sum is: (100 × 0.33) + (0 × 0.66) + (-2400 × 0.01) = 33 + 0 - 24 = 9. This sum (9) is positive, indicating that the total favorable differences (in terms of deviations above B's outcome) outweigh the unfavorable ones. Since the decision reason prefers the lottery with the more favorable sum of outcome differences, we proceed to evaluate whether this sum is greater than what would be obtained for the reverse comparison (i.e., differences from B to A), but since the reason is defined only on the sum of differences from A to B, and we are comparing A and B, we compute the sum of differences from B to A as well for completeness. Differences from B to A: (2400 - 2500) = -100, (2400 - 2400) = 0, (2400 - 0) = 2400. Weighted sum: (-100 × 0.33) + (0 × 0.66) + (2400 × 0.01) = -33 + 0 + 24 = -9. The sum from A to B is 9, and from B to A is -9. The sum of outcome differences is more favorable for A (positive 9 vs. negative -9). Thus, the relevant information can be derived and the decision reason applies strictly."",
  ""step_2"": ""The sum of pairwise differences of outcomes from A to B is 9, and from B to A is -9. The decision reason prefers the lottery with the more favorable sum of outcome differences. Since 9 > -9, the sum is more favorable for Lottery A. Therefore, the decision reason prefers Lottery A."",
  ""final_answer"": ""A""
}"
1,"{
  ""step_1"": ""The decision reason evaluates the sum of all pairwise differences of outcomes between the lotteries. The outcomes in both lotteries are either 2500/2400 Euros or 0 Euros. The pairwise differences are calculated as follows: (2500 - 2400) = 100 and (0 - 0) = 0. The sum of the pairwise differences is 100 + 0 = 100. However, since both lotteries have the same outcome (0 Euros) in the second case, the difference in outcomes is only between the positive outcomes. The decision reason considers the sum of all pairwise differences of outcomes. Since the outcomes are either 2500 or 0, and 2400 or 0, the relevant difference is only between the non-zero outcomes. The difference in the non-zero outcomes is 2500 - 2400 = 100. This difference is the same regardless of probability, as the pairwise difference of outcomes is independent of probability. Thus, the sum of pairwise outcome differences is 100 for both lotteries (since both have one outcome of 2500 or 2400 and the rest zero). Therefore, the sum of pairwise differences is equal in both lotteries."",
  ""step_2"": ""The sum of pairwise differences of outcomes between the lotteries is the same: 100 for both. Since the decision reason prefers the lottery with the more favorable sum of outcome differences, and both lotteries have the same sum, the reason is indifferent between them."",
  ""final_answer"": ""INDIFFERENT""
}"
2,"{
  ""step_1"": ""The decision reason evaluates the sum of all pairwise differences of outcomes between the lotteries. We compute the outcome differences between Lottery A and Lottery B. Lottery A has two outcomes: 4000 Euros with 80% probability and 0 Euros with 20% probability. Lottery B has one outcome: 3000 Euros with 100% probability. The pairwise differences are: (4000 - 3000) and (0 - 3000). The sum of the absolute differences is |4000 - 3000| + |0 - 3000| = 1000 + 3000 = 4000. Since the decision reason considers the sum of all pairwise differences of outcomes, and this sum is derived solely from the outcomes (not weighted by probabilities), we can apply the reason strictly. The sum of outcome differences is well-defined and can be computed."",
  ""step_2"": ""The sum of pairwise differences of outcomes between Lottery A and Lottery B is calculated as |4000 - 3000| + |0 - 3000| = 1000 + 3000 = 4000. Since this sum is based only on the outcomes and their differences, and there is no other lottery to compare against, we evaluate which lottery has the more favorable sum. However, the sum of pairwise differences is not a direct measure of preference; it is symmetric. The sum is the same regardless of which lottery is considered the reference. Therefore, the sum of differences is not directional — it treats both lotteries equally in terms of outcome deviation. Thus, the decision reason cannot determine a preference based on this sum alone, as it does not reflect a preference for a specific lottery. The sum is identical in magnitude when computed from either perspective. Hence, the decision reason is indifferent between the lotteries."",
  ""final_answer"": ""INDIFFERENT""
}"
3,"{
  ""step_1"": ""The decision reason evaluates the sum of all pairwise differences of outcomes between the lotteries. The outcomes in both lotteries are either 4000 Euros or 0 Euros (for A) and 3000 Euros or 0 Euros (for B). The pairwise differences in outcomes are: (4000 - 3000) = 1000 and (0 - 0) = 0. The sum of pairwise differences is therefore 1000 + 0 = 1000. This difference is independent of probabilities in this context, as the reason only considers outcome differences, not weighted or expected values. Since both lotteries have the same outcome (0 Euros) in the 80% and 75% cases respectively, the only non-zero difference is between 4000 and 3000. Thus, the sum of pairwise differences is 1000 for both lotteries, as the difference is the same regardless of which lottery is considered first. Therefore, the sum of outcome differences is the same for both lotteries."",
  ""step_2"": ""The decision reason considers the sum of all pairwise differences of outcomes. The only non-zero difference between the outcomes is 4000 - 3000 = 1000. The difference between 0 and 0 is 0. This difference occurs in one outcome pair (4000 vs 3000), and the other pair (0 vs 0) has no difference. The sum of all pairwise differences is 1000 for both lotteries when considering the full set of outcome comparisons. Since the sum of outcome differences is identical for both lotteries, the decision reason is indifferent between them."",
  ""final_answer"": ""INDIFFERENT""
}"
4,"{
  ""step_1"": ""The decision reason evaluates the sum of all pairwise differences of outcomes between the lotteries. The outcomes are either 6000 Euros or 0 Euros for Lottery A, and 3000 Euros or 0 Euros for Lottery B. The pairwise differences are calculated as follows: (6000 - 3000) and (0 - 0). The difference between the positive outcomes is 3000, and the difference between the zero outcomes is 0. The sum of all pairwise differences is 3000. Since both lotteries have the same outcome (0 Euros) in one scenario, the only non-zero difference is 3000. This difference arises from the comparison of the 6000 vs. 3000 outcomes. Thus, the sum of pairwise differences is 3000, and it is consistent across the decision problem."",
  ""step_2"": ""The decision reason prefers the lottery with the more favorable sum of outcome differences. Since the sum of pairwise differences (6000 - 3000) = 3000 is the same regardless of which lottery is considered as the reference, and there is no difference in the sum of outcome differences between A and B, the sum of differences is identical in structure. However, the reason is based on the sum of differences between outcomes. In this case, the difference between 6000 and 3000 is only present in one scenario (A has 6000 with 45%, B has 3000 with 90%). The pairwise difference is 3000, and it is only relevant when comparing the non-zero outcomes. Since the sum of pairwise differences is the same in both directions (6000 - 3000 = 3000 and 3000 - 6000 = -3000), the absolute sum of differences is 3000, and it is symmetric. Thus, the sum of differences is not greater in one lottery over the other. Therefore, the decision reason is indifferent between the lotteries."",
  ""final_answer"": ""INDIFFERENT""
}"
5,"{
  ""step_1"": ""The decision reason considers the sum of all pairwise differences of outcomes between the lotteries. Since both lotteries have the same outcome values (either 6000 Euros or 0 Euros, and 3000 Euros or 0 Euros), we compute the pairwise differences in outcomes. The outcomes are: A has 6000 and 0; B has 3000 and 0. The pairwise differences are: |6000 - 3000| = 3000 and |6000 - 0| = 6000 and |0 - 3000| = 3000 and |0 - 0| = 0. However, the decision reason refers to the sum of all pairwise differences of outcomes between the lotteries. But note: the outcomes are not directly paired by probability, and the reason does not specify how to pair them. However, since both lotteries have two outcomes, we consider all pairs of outcomes from A and B. The pairwise differences are: (6000 - 3000) = 3000, (6000 - 0) = 6000, (0 - 3000) = -3000, (0 - 0) = 0. The sum of absolute differences is |6000 - 3000| + |6000 - 0| + |0 - 3000| + |0 - 0| = 3000 + 6000 + 3000 + 0 = 12,000. This sum is independent of probabilities and depends only on the outcome values. Since the pairwise differences are the same regardless of which lottery is chosen, and the sum is fixed, the decision reason cannot distinguish between A and B based on this sum. Therefore, the sum of outcome differences is the same in both cases when considering all pairwise differences of outcomes. Thus, the decision reason is indifferent between the lotteries."",
  ""step_2"": ""The sum of all pairwise differences of outcomes between the lotteries is computed as follows: the outcomes of A are 6000 and 0; outcomes of B are 3000 and 0. The pairwise absolute differences are: |6000 - 3000| = 3000, |6000 - 0| = 6000, |0 - 3000| = 3000, |0 - 0| = 0. The total sum is 3000 + 6000 + 3000 + 0 = 12,000. This sum is identical regardless of which lottery is considered. Therefore, the decision reason cannot differentiate between A and B based on the sum of outcome differences."",
  ""final_answer"": ""INDIFFERENT""
}"
6,"{
  ""step_1"": ""The decision reason evaluates the sum of all pairwise differences of outcomes between the lotteries. We compute the outcome differences between Lottery A and Lottery B. The outcomes of Lottery A are -4000 with 80% probability and 0 with 20% probability. The outcome of Lottery B is -3000 with 100% probability. The pairwise differences in outcomes are: (-4000) - (-3000) = -1000 and (0) - (-3000) = 3000. The sum of these pairwise differences is (-1000) + 3000 = 2000. Since the decision reason considers the sum of all pairwise differences and prefers the lottery with the more favorable (higher) sum, we proceed with this calculation. The sum of outcome differences is derived strictly from the outcomes and probabilities, so the decision reason can be applied strictly."",
  ""step_2"": ""The pairwise differences in outcomes are: (-4000) - (-3000) = -1000 and (0) - (-3000) = 3000. The sum of these differences is -1000 + 3000 = 2000. This sum is positive and reflects the net difference in outcomes across the lotteries. Since the sum is higher for the differences involving Lottery A (as it includes a large positive difference of 3000 from 0 to -3000), and the sum is computed over all outcome pairs, the decision reason evaluates the total sum of outcome differences. The sum of differences is positive and associated with Lottery A's outcomes relative to Lottery B. Thus, the reason prefers the lottery with the more favorable sum of outcome differences, which is Lottery A."",
  ""final_answer"": ""A""
}"
7,"{
  ""step_1"": ""The decision reason evaluates the sum of all pairwise differences of outcomes between the lotteries. The outcomes in both lotteries are either -4000, -3000, or 0 Euros. The pairwise differences between the outcomes of Lottery A and Lottery B are calculated as follows: (-4000) - (-3000) = -1000 and 0 - 0 = 0. The pairwise differences are thus -1000 and 0. The sum of these differences is -1000 + 0 = -1000. Since the reason considers the sum of outcome differences and prefers the lottery with the more favorable (i.e., higher or less negative) sum, we evaluate the sum of differences from each lottery's perspective. However, the pairwise differences are symmetric in nature — the difference between A and B is the same as the negative of the difference between B and A. Therefore, the sum of all pairwise differences is zero when considering both directions. But the decision reason specifies the sum of all pairwise differences of outcomes between the lotteries. Since the outcomes are only -4000, -3000, and 0, the only non-zero pairwise difference is between -4000 and -3000 (or vice versa). The difference in outcomes is 1000 (from -3000 to -4000), and the difference in outcomes where both are zero is 0. Thus, the sum of pairwise differences is 1000 (from -3000 to -4000) and 0 (from 0 to 0), or equivalently, the absolute differences matter. But the reason says 'sum of all pairwise differences of outcomes', which is ambiguous without specifying absolute values. However, in absence of absolute values, the sum of differences (without absolute values) would be: (-4000 - (-3000)) + (0 - 0) = -1000 + 0 = -1000. Similarly, from B to A: (-3000 - (-4000)) + (0 - 0) = 1000 + 0 = 1000. Since the reason refers to the sum of all pairwise differences between the lotteries, and does not specify direction, we interpret it as considering the total variation in outcomes. But since the pairwise differences are symmetric, the sum of all pairwise differences (without absolute values) depends on direction. However, the reason says 'the more favorable sum of outcome differences'. A negative sum is less favorable than a positive one. Therefore, the direction matters. But the problem does not specify which lottery is being compared to which. So, to determine the favorable sum, we must consider the differences between outcomes. The only non-zero outcome difference is 1000 (from -3000 to -4000). But the sum of pairwise differences across all outcome pairs is: (-4000 - (-3000)) = -1000, and (0 - 0) = 0. So total sum is -1000. If we take absolute differences, the sum would be 1000. But the reason does not specify absolute values. It says 'sum of all pairwise differences'. Without absolute values, the sum is -1000. Since this is negative, it is not favorable. But the reason prefers the lottery with the more favorable sum. Therefore, we must consider whether the sum is higher (more favorable). Since the sum of differences from A to B is -1000 and from B to A is +1000, the more favorable sum is +1000, which corresponds to preferring Lottery B. However, the reason does not specify direction. But the phrase 'the sum of all pairwise differences of outcomes between the lotteries' is ambiguous. If interpreted as the sum over all outcome pairs of (outcome in A - outcome in B), then it is: (-4000 - (-3000)) + (0 - 0) = -1000. This is negative. If interpreted as the sum of absolute differences, it would be 1000. But the reason does not say 'absolute'. So strictly, without absolute values, the sum is -1000. But the reason prefers the more favorable sum. A negative sum is less favorable. So which lottery has a more favorable sum? The sum of differences from B to A would be +1000. But the decision reason does not specify direction. Therefore, the sum of all pairwise differences is not well-defined without direction. Thus, the reason cannot be applied strictly in a consistent way. Therefore, we conclude that the information is ambiguous and the decision reason cannot be applied strictly. Hence, we return INDIFFERENT."",
  ""step_2"": ""The decision reason specifies a sum of pairwise differences of outcomes between the lotteries. The pairwise differences are between the outcomes: (-4000 and -3000) and (0 and 0). The difference between -4000 and -3000 is -1000, and between 0 and 0 is 0. The sum is -1000. The sum is negative, which is not favorable. However, if we consider the reverse direction (from B to A), the sum would be +1000. Since the decision reason does not specify direction, the sum of pairwise differences is not uniquely defined. Without a clear direction or absolute values, the sum cannot be consistently evaluated. Therefore, the decision reason cannot be applied strictly to determine a preference."",
  ""final_answer"": ""INDIFFERENT""
}"
8,"{
  ""step_1"": ""The decision reason evaluates the sum of all pairwise differences of outcomes between the lotteries. The outcomes in each lottery are either -6000, 0 or -3000, 0. The pairwise differences between the outcomes are computed as follows: |(-6000) - (-3000)| = 3000 and |0 - 0| = 0. The sum of these differences is 3000 + 0 = 3000. Since both lotteries have the same outcome difference (0) between the two zero outcomes, the only difference arises from the negative outcomes. The pairwise differences are based on the absolute differences between each outcome in A and each outcome in B. Thus, we consider all pairs: (-6000 vs -3000) and (0 vs 0). The sum of absolute differences is |(-6000) - (-3000)| + |0 - 0| = 3000 + 0 = 3000. This sum is the same regardless of which lottery is considered first. Therefore, the sum of pairwise outcome differences is identical for both lotteries."",
  ""step_2"": ""The sum of pairwise differences of outcomes between Lottery A and Lottery B is the same in both directions: 3000. Since the sum is equal, the decision reason is indifferent between the lotteries."",
  ""final_answer"": ""INDIFFERENT""
}"
9,"{
  ""step_1"": ""The decision reason considers the sum of all pairwise differences of outcomes between the lotteries. Both lotteries have two outcomes: a negative amount with a certain probability and 0 Euros with the remaining probability. The outcomes are either -6000, -3000, or 0. The pairwise differences in outcomes between the lotteries are computed as follows: (A outcome - B outcome) for each outcome value. Since both lotteries have two outcomes, we compute the differences for each outcome point. However, the outcomes are not directly comparable across probabilities, so we must consider the differences in outcomes and their probabilities. The relevant outcomes are: -6000 vs -3000 and 0 vs 0. The difference between -6000 and -3000 is -3000 (i.e., A has a worse outcome). The difference between 0 and 0 is 0. The sum of pairwise differences of outcomes (ignoring probabilities) is: (-6000 - (-3000)) + (0 - 0) = -3000 + 0 = -3000. Since the sum is negative, it indicates that lottery A has a more unfavorable outcome difference. However, the decision reason states it prefers the lottery with the more favorable sum of outcome differences. A more favorable sum means a higher (less negative or positive) sum. Since the sum is negative, and there is no positive sum, we must evaluate whether the reason applies strictly to outcome differences. But note: the pairwise differences are only between the outcomes, not weighted by probability. The only non-zero difference is between -6000 and -3000, which is -3000. The sum of pairwise differences is -3000. This is unfavorable. However, the reason says it prefers the lottery with the more favorable sum. Since the sum is negative, and there is no positive sum, the sum is more favorable for B? But wait — we must clarify: the pairwise differences are between outcomes. The outcomes are: A has -6000 and 0; B has -3000 and 0. So the pairwise differences are: (-6000 - (-3000)) = -3000 and (0 - 0) = 0. Sum = -3000. This is negative. So the sum of outcome differences is negative. But is there a symmetric interpretation? The decision reason says 'sum of all pairwise differences of outcomes'. This could be interpreted as the sum over all outcome pairs. But the only non-zero difference is -3000. The sum is negative. A more favorable sum would be positive or less negative. Since the sum is negative, and there is no positive sum, the sum is more favorable for B? Actually, the sum is the same regardless of which lottery we assign. But the reason says it prefers the lottery with the more favorable sum. Since the sum of outcome differences is negative, and there is no positive sum, the sum is not favorable. But the reason doesn't specify how to interpret 'favorable'. If we interpret 'favorable' as higher (i.e., less negative), then a sum of -3000 is worse than 0. But we have no lottery with a sum of 0. However, note that the outcome difference between 0 and 0 is 0. So the total sum is -3000. There is no positive sum. So the sum is negative. Thus, the sum is more favorable for the lottery that has the less negative outcome difference. But the difference is only between -6000 and -3000. Since -3000 is better than -6000, the difference (-6000 - (-3000)) = -3000 is negative. So the sum is negative. But the reason says it prefers the lottery with the more favorable sum. Since the sum is negative, and there is no positive sum, the sum is more favorable for B? Actually, the sum of differences is a property of the pair of lotteries, not per lottery. The reason says 'the lottery with the more favorable sum of outcome differences'. But the sum is fixed. So unless we interpret it as the sum of differences in outcomes weighted by probability, which is not stated, we cannot assign it to a lottery. But the decision reason does not mention probabilities. It only says 'sum of all pairwise differences of outcomes'. So we compute the differences between the outcomes: -6000 vs -3000 → difference = -3000; 0 vs 0 → difference = 0. Sum = -3000. This sum is negative. There is no positive sum. So no lottery has a more favorable sum. But the reason is comparing the lotteries. Perhaps the reason means: for each outcome, compute the difference between A and B, and sum over outcomes. That is: (-6000 - (-3000)) + (0 - 0) = -3000. This sum is negative. So the sum of outcome differences is negative. But 'favorable' implies better. A more favorable sum would be higher. Since the sum is negative, and there is no positive sum, the sum is more favorable for B? But B has a better outcome. However, the sum is the same regardless. Actually, the sum of outcome differences is not a property of one lottery; it's a property of the pair. So the decision reason cannot assign a favorable sum to one lottery over the other. Therefore, the reason cannot strictly determine a preference. Hence, we must conclude that the information is insufficient to assign a preference based on the sum of outcome differences as defined. Thus, the decision reason cannot be applied strictly, and we return INDIFFERENT."",
  ""step_2"": ""The decision reason considers the sum of all pairwise differences of outcomes between the lotteries. The outcomes are: A has -6000 and 0; B has -3000 and 0. The pairwise differences are: (-6000 - (-3000)) = -3000 and (0 - 0) = 0. The sum is -3000. This sum is negative. The reason prefers the lottery with the more favorable sum of outcome differences. Since the sum is negative and there is no positive sum, and the sum is not higher for either lottery, the sum of outcome differences is not more favorable for either. Therefore, the reason cannot determine a strict preference between A and B based on this sum. Hence, the reason is indifferent between the lotteries."",
  ""final_answer"": ""INDIFFERENT""
}"
10,"{
  ""step_1"": ""The decision reason evaluates the sum of all pairwise differences of outcomes between the lotteries. We compute the outcome differences between Lottery A and Lottery B. Lottery A has two outcomes: 1000 Euros with 50% probability and 0 Euros with 50% probability. Lottery B has one outcome: 500 Euros with 100% probability. The pairwise differences are: (1000 - 500) = 500 and (0 - 500) = -500. The sum of these differences is 500 + (-500) = 0. Since both lotteries have the same sum of pairwise outcome differences, the decision reason cannot distinguish between them based on this sum."",
  ""step_2"": ""The sum of the pairwise differences of outcomes between Lottery A and Lottery B is zero for both lotteries. Since the sum is equal, the decision reason is indifferent between the lotteries."",
  ""final_answer"": ""INDIFFERENT""
}"
11,"{
  ""step_1"": ""The decision reason evaluates the sum of all pairwise differences of outcomes between the lotteries. We compute the outcome differences between Lottery A and Lottery B. The outcomes of Lottery A are -1000 with 50% probability and 0 with 50% probability. The outcome of Lottery B is -500 with 100% probability. The pairwise differences are: (-1000) - (-500) = -500 and (0) - (-500) = 500. The sum of these differences is -500 + 500 = 0. Since the sum of pairwise differences is zero, there is no net preference based on this measure. Therefore, the decision reason cannot strictly prefer one lottery over the other based on this sum."",
  ""step_2"": ""The sum of the pairwise differences of outcomes between Lottery A and Lottery B is zero. Since the sum is equal for both lotteries, the decision reason is indifferent between them."",
  ""final_answer"": ""INDIFFERENT""
}"
12,"{
  ""step_1"": ""The decision reason evaluates the sum of all pairwise differences of outcomes between the lotteries. To compute this, we need to compare each outcome of lottery A with each outcome of lottery B and compute the absolute differences. Then, sum all such pairwise differences. First, list the outcomes of each lottery: Lottery A has outcomes 6000 (25%) and 0 (75%). Lottery B has outcomes 4000 (25%), 2000 (25%), and 0 (50%). We consider all pairwise differences between the outcomes. The pairwise differences are: |6000 - 4000| = 2000, |6000 - 2000| = 4000, |6000 - 0| = 6000, |0 - 4000| = 4000, |0 - 2000| = 2000, |0 - 0| = 0. Sum of absolute differences: 2000 + 4000 + 6000 + 4000 + 2000 + 0 = 18,000. This sum is independent of probabilities because the decision reason refers to the sum of pairwise differences of outcomes, not weighted by probabilities. Thus, the relevant information is fully derivable and the decision reason can be applied strictly."",
  ""step_2"": ""The sum of all pairwise differences of outcomes between the lotteries is computed as 18,000 for both lotteries — this is a symmetric calculation based only on the values of the outcomes, not on their probabilities. Since the sum of pairwise differences is the same regardless of which lottery is compared, the decision reason is indifferent between the lotteries. The sum of differences does not favor one lottery over the other because the differences are symmetrically distributed across the outcome pairs."",
  ""final_answer"": ""INDIFFERENT""
}"
13,"{
  ""step_1"": ""The decision reason evaluates the sum of all pairwise differences of outcomes between the lotteries. We need to compute the outcome differences between Lottery A and Lottery B at each probability point. However, lotteries are defined by their outcomes and probabilities, so we must compare each outcome in A to the corresponding outcome in B, considering the probability structure. Since the lotteries have different outcome distributions, we compute the pairwise differences of outcomes (i.e., for each outcome in A and each outcome in B, take the difference) and sum these differences weighted by their joint probabilities. But note: the decision reason says 'sum of all pairwise differences of outcomes between the lotteries' — this likely means we consider each outcome in A and subtract each outcome in B, and sum over all such pairs, possibly weighted by probability. However, without a clear definition of how the pairwise differences are formed (e.g., across all outcome pairs, or per state), we must interpret carefully. A plausible interpretation is to compute the expected value of the absolute differences or the sum of (A_outcome - B_outcome) over all states, weighted by probability. But the reason says 'sum of all pairwise differences of outcomes' — if we interpret this as the sum over all outcome pairs (a, b) of (a - b), then we need to consider all combinations of outcomes from A and B. However, since the lotteries have different outcome sets, we can list the outcomes and compute the differences between each outcome in A and each outcome in B, and sum them. But this would be a sum over all pairs (a in A, b in B), not weighted by probability. This is ambiguous. Alternatively, the reason may mean the sum of (expected outcome of A minus expected outcome of B) or the sum of differences across states. But the phrase 'sum of all pairwise differences of outcomes' is vague. Since the decision reason does not specify how to compute the sum (e.g., weighted or unweighted), and since the lotteries have different probability structures, we must assess whether the information is derivable. Given that the outcomes and probabilities are fully specified, we can compute the pairwise differences between each outcome in A and each outcome in B. There are two outcomes in A: -6000 (25%) and 0 (75%). In B: -4000 (25%), -2000 (25%), 0 (50%). So the pairwise differences (a - b) are: (-6000 - (-4000)) = -2000, (-6000 - (-2000)) = -4000, (-6000 - 0) = -6000, (0 - (-4000)) = 4000, (0 - (-2000)) = 2000, (0 - 0) = 0. Now, the sum of all pairwise differences (without weighting) is: -2000 -4000 -6000 +4000 +2000 +0 = (-12000) + (6000) = -6000. This sum is negative. But the reason says 'the more favorable sum of outcome differences' — if we interpret 'favorable' as higher (i.e., less negative or more positive), then a positive sum would be better. But here the sum is negative. However, this sum is not weighted by probability, and the decision reason does not specify weighting. Moreover, such a sum over all pairs of outcomes (without probability) is not standard in decision theory. Alternatively, if we interpret 'pairwise differences' as differences in expected outcomes, then we compute E[A] - E[B]. E[A] = (0.25)(-6000) + (0.75)(0) = -1500. E[B] = (0.25)(-4000) + (0.25)(-2000) + (0.5)(0) = -1000 - 500 + 0 = -1500. So E[A] - E[B] = 0. So the difference is zero. But the decision reason says 'sum of all pairwise differences', not expected difference. Without a clear, standard interpretation, and since the sum of all pairwise differences (unweighted) is -6000, and the sum of (A_outcome - B_outcome) across all outcome pairs is negative, but the reason prefers the more favorable sum, which would be higher (less negative), we cannot clearly say which lottery is preferred. However, if we interpret the decision reason as comparing the total variation or the sum of differences in outcomes, and since the unweighted sum is negative, and it's not clear whether this is the intended measure, we must consider whether the information is derivable. The outcomes and probabilities are fully specified, so we can compute the pairwise differences. But without a clear rule for summing them (e.g., weighted by probability), the decision reason is ambiguous. Therefore, we cannot strictly apply the rule without further clarification. Hence, we conclude that the relevant information cannot be derived in a strict and unambiguous way."",
  ""step_2"": ""The decision reason requires computing the sum of all pairwise differences of outcomes between the lotteries. However, the phrase 'sum of all pairwise differences' is ambiguous: it could mean the sum over all outcome pairs (a in A, b in B) of (a - b), without weighting by probability, or it could mean a weighted sum over states. Since the lotteries have different outcome structures and probabilities, and the sum of all pairwise differences (unweighted) is -6000, which is negative, and there is no clear indication of a favorable direction, and since the reason does not specify weighting or normalization, the computation is ambiguous. Without a clear, standard interpretation of the sum of pairwise differences, we cannot definitively apply the decision reason. Therefore, the decision reason cannot be strictly applied to determine a preference."",
  ""final_answer"": ""INDIFFERENT""
}"
14,"{
  ""step_1"": ""The decision reason evaluates the sum of all pairwise differences of outcomes between the lotteries. We compute the outcome differences between Lottery A and Lottery B. The outcomes of Lottery A are 5000 Euros (with 0.1% probability) and 0 Euros (with 99.9% probability). The outcome of Lottery B is 5 Euros with 100% probability. The pairwise differences are: (5000 - 5) and (0 - 5). The sum of absolute differences is |5000 - 5| + |0 - 5| = 4995 + 5 = 5000. Since the decision reason considers the sum of all pairwise differences of outcomes and prefers the lottery with the more favorable sum, we evaluate this sum. However, note that the sum of differences is the same regardless of which lottery is considered as reference (due to symmetry in absolute differences). Thus, the sum is identical for both lotteries when computed across all outcome pairs. Therefore, the decision reason is indifferent between the lotteries based on this sum."",
  ""step_2"": ""The sum of pairwise absolute differences in outcomes between Lottery A and Lottery B is identical: |5000 - 5| + |0 - 5| = 4995 + 5 = 5000. This sum is the same regardless of which lottery is referenced. Hence, the decision reason does not prefer either lottery based on this sum."",
  ""final_answer"": ""INDIFFERENT""
}"
15,"{
  ""step_1"": ""The decision reason evaluates the sum of all pairwise differences of outcomes between the lotteries. We compute the outcome differences between Lottery A and Lottery B. The outcomes of Lottery A are -5000 Euros with 0.1% probability and 0 Euros with 99.9% probability. The outcome of Lottery B is -5 Euros with 100% probability. The pairwise difference in outcomes is (-5000) - (-5) = -4995 and (0) - (-5) = 5. The sum of these differences is (-4995) + 5 = -4990. Since this sum is negative, it indicates that the differences favor Lottery B in terms of outcome comparisons. However, the decision reason specifies that it prefers the lottery with the more favorable sum of outcome differences. A more favorable sum implies a larger positive sum or less negative. Since the sum is negative, and there is no positive sum from the pairwise differences, we assess whether the reason considers absolute differences or signed differences. Given the phrasing 'sum of all pairwise differences of outcomes', and without specifying absolute values, we interpret it as the signed sum. The sum is -4990, which is unfavorable for A. Therefore, the reason prefers the lottery with the more favorable sum — which is B, since the sum is less negative (or more favorable) than if it were from A. However, we must verify whether the pairwise differences are computed correctly across all outcome pairs. There are two outcomes in A and one in B. The pairwise differences are: (-5000) - (-5) = -4995, and (0) - (-5) = 5. The sum is -4995 + 5 = -4990. The sum is negative, meaning the overall difference favors B. Thus, the sum of pairwise differences is more favorable for B."",
  ""step_2"": ""The sum of pairwise differences of outcomes between A and B is -4990. Since the sum is negative, it indicates that the outcome differences are more favorable for Lottery B (as it results in a less negative sum). The decision reason prefers the lottery with the more favorable sum of outcome differences. Therefore, Lottery B has the more favorable sum of outcome differences."",
  ""final_answer"": ""B""
}"
16,"{
  ""step_1"": ""The decision reason evaluates the sum of all pairwise differences of outcomes between the lotteries. We need to compute the pairwise differences between the outcomes of Lottery A and Lottery B. Lottery A has two outcomes: 3000 Euros with 50% probability and -3000 Euros with 50% probability. Lottery B has one outcome: 1500 Euros with 100% probability. The pairwise differences are calculated as follows: (3000 - 1500) and (-3000 - 1500). The sum of these differences is (3000 - 1500) + (-3000 - 1500) = 1500 - 4500 = -3000. This sum is negative, indicating that the total difference in outcomes favors Lottery B in terms of the net deviation from the reference point (B's outcome). However, the reason specifies that it prefers the lottery with the more favorable sum of outcome differences. Since the sum is negative, we interpret this as a less favorable outcome for A. Therefore, the sum of outcome differences is more favorable for B."",
  ""step_2"": ""The sum of pairwise differences of outcomes between A and B is calculated as (3000 - 1500) + (-3000 - 1500) = -3000. Since this sum is negative, it indicates that the total deviation from B's outcome is unfavorable for A and favorable for B. The decision reason prefers the lottery with the more favorable sum of outcome differences, which is Lottery B."",
  ""final_answer"": ""B""
}"
17,"{
  ""step_1"": ""The decision reason evaluates the sum of all pairwise differences of outcomes between the lotteries. We need to compute the pairwise differences between the outcomes of Lottery A and Lottery B. Lottery A has two outcomes: 3000 Euros with 50% probability and -3000 Euros with 50% probability. Lottery B has one outcome: 2000 Euros with 100% probability. The pairwise differences are calculated as follows: (3000 - 2000) and (-3000 - 2000). The sum of these differences is (1000) + (-5000) = -4000. Since the sum of outcome differences is negative, this indicates a net unfavorable difference compared to the reference (Lottery B). However, the reason prefers the lottery with the more favorable (i.e., larger) sum of outcome differences. Since only one such sum exists (between A and B), we compute the sum of differences from A to B and from B to A to ensure completeness. The pairwise differences are: (3000 - 2000) = 1000, (-3000 - 2000) = -5000. The sum is 1000 + (-5000) = -4000. For Lottery B to A: (2000 - 3000) = -1000, (2000 - (-3000)) = 5000. Sum = -1000 + 5000 = 4000. The sum of differences from B to A is 4000, which is more favorable than the sum from A to B (-4000). Thus, the sum of pairwise differences is more favorable when considering B to A. The decision reason considers the sum of all pairwise differences, and since the sum from B to A is more favorable (4000 > -4000), the reason prefers the lottery that results in a more favorable sum of differences, which is Lottery B."",
  ""step_2"": ""The sum of pairwise differences from B to A is 4000, and from A to B is -4000. The more favorable sum is 4000, which corresponds to the preference for Lottery B."",
  ""final_answer"": ""B""
}"
18,"{
  ""step_1"": ""The decision reason evaluates the sum of all pairwise differences of outcomes between the lotteries. We need to compute the pairwise differences between the outcomes of Lottery A and Lottery B. Lottery A has two outcomes: +3000 with 50% probability and -3000 with 50% probability. Lottery B has one outcome: +1000 with 100% probability. The pairwise differences are calculated as follows: (3000 - 1000) = 2000 and (-3000 - 1000) = -4000. The sum of these differences is 2000 + (-4000) = -2000. Since this sum is negative, it indicates that the overall outcome differences favor Lottery B in terms of the sum of pairwise deviations. However, the decision reason considers the sum of pairwise differences of outcomes — meaning it evaluates the total deviation across all outcome pairs. The sum of pairwise differences is calculated as the sum over all outcome pairs of (outcome in A - outcome in B). Here, we have two outcomes in A and one in B, so we compare each outcome in A to the outcome in B. The differences are: (3000 - 1000) = 2000 and (-3000 - 1000) = -4000. The total sum is 2000 + (-4000) = -2000. The reason prefers the lottery with the more favorable (i.e., larger) sum of outcome differences. Since -2000 is less favorable than a positive sum, we now consider whether the sum is more favorable for A or B. But note: the sum is negative, so it is not favorable. However, we must determine whether A or B has a more favorable sum. Actually, we need to compute the sum of differences from each outcome in A to the outcome in B. But the decision reason says 'sum of all pairwise differences of outcomes between the lotteries'. This means we consider all pairs: each outcome in A paired with each outcome in B. Since B has one outcome and A has two, there are two pairwise differences: (3000 - 1000) and (-3000 - 1000). The sum is -2000. If we instead compute the sum of differences from B to A, it would be (1000 - 3000) + (1000 - (-3000)) = -2000 + 4000 = 2000. But the decision reason says 'the sum of all pairwise differences of outcomes between the lotteries' — this is ambiguous. However, the phrase 'pairwise differences' typically means |a - b|, or just a - b depending on ordering. But the reason specifies 'the sum of all pairwise differences' and 'the more favorable sum'. A favorable sum would be higher (more positive). The sum of (A outcome - B outcome) over all pairs is -2000, which is not favorable. But is there a way to interpret this to prefer one lottery? Alternatively, perhaps the decision reason is referring to the sum of absolute differences? But it does not say absolute. It says 'differences', not absolute. So without absolute value, differences can be negative. The sum of differences (A outcome - B outcome) is -2000. Since this is negative, it suggests that on average, A outcomes are less than B outcome. But the reason prefers the lottery with the more favorable sum of outcome differences. A more favorable sum would be a larger (more positive) value. Since the sum is negative, and no other sum is provided, we must conclude that the sum is not favorable for either, but we can compare the sums for A and B. However, the sum is only defined between the lotteries. The only pairwise differences are as above. Therefore, the sum is -2000. There is no other sum to compare. But the reason is applied to the decision problem — we must determine which lottery has the more favorable sum. Since the sum of differences (A - B) is negative, A has a less favorable sum. The sum of differences (B - A) would be +2000, which is more favorable. But the reason says 'the sum of all pairwise differences of outcomes between the lotteries' — this is symmetric. However, it does not specify direction. But it says 'the more favorable sum'. So we interpret the sum as (A outcome - B outcome) summed over all pairs. This sum is -2000. Since it is negative, and the reason prefers the more favorable sum, it must prefer the lottery that leads to a higher (more positive) sum. But the sum is not positive. So which lottery has a more favorable sum? The sum of differences from A to B is negative. The sum from B to A is positive. But the decision reason does not specify direction. However, if we interpret 'pairwise differences' as signed differences from A to B, then A has a negative sum. If we interpret it as the total deviation, we may need to consider magnitude. But the reason says 'sum of pairwise differences' and 'more favorable'. Since the sum is negative, and no positive sum exists, the only way to have a favorable sum is if we consider the sum of (B - A). But the reason does not specify direction. Therefore, we must determine if the sum can be interpreted as a scalar that reflects the net advantage. Given that the sum of (A - B) is -2000, and (B - A) is +2000, the more favorable sum is +2000, which corresponds to B. Therefore, the reason prefers the lottery with the more favorable sum — which is B. Thus, the sum of outcome differences is more favorable for B when interpreted as (B - A). But the reason says 'the sum of all pairwise differences of outcomes between the lotteries' — this is symmetric, but the preference is based on 'more favorable'. So the reason would prefer the lottery that leads to a higher sum when differences are computed in a favorable direction. Since the sum of differences (A - B) is negative, and (B - A) is positive, the more favorable sum is positive. Therefore, the reason prefers the lottery that produces a more favorable sum — which is B. Hence, the sum of outcome differences is more favorable for B."",
  ""step_2"": ""The pairwise differences between outcomes are computed as follows: (3000 - 1000) = 2000 and (-3000 - 1000) = -4000. The sum of these differences is 2000 + (-4000) = -2000. Since this sum is negative, it indicates that the overall outcome differences favor B when measured from A to B. However, the decision reason prefers the lottery with the more favorable sum of outcome differences. A more favorable sum would be a larger (more positive) value. The sum of differences from B to A is (1000 - 3000) + (1000 - (-3000)) = -2000 + 4000 = 2000, which is positive and more favorable. Since the sum of differences (B - A) is more favorable than (A - B), and the reason prefers the lottery with the more favorable sum, it must prefer Lottery B."",
  ""final_answer"": ""B""
}"
19,"{
  ""step_1"": ""The decision reason evaluates the sum of all pairwise differences of outcomes between the lotteries. We compute the pairwise differences between the outcomes of Lottery A and Lottery B. Lottery A has two outcomes: +6000 with 50% probability and -6000 with 50% probability. Lottery B has one outcome: 0 with 100% probability. The pairwise differences are: (6000 - 0) = 6000 and (-6000 - 0) = -6000. The sum of these differences is 6000 + (-6000) = 0. Since the sum of pairwise differences is zero, there is no net preference based on this metric. Therefore, the decision reason cannot strictly prefer one lottery over the other based on this sum."",
  ""step_2"": ""The sum of all pairwise differences of outcomes between Lottery A and Lottery B is zero. Since the sum is equal for both lotteries, the decision reason is indifferent between them."",
  ""final_answer"": ""INDIFFERENT""
}"
