problemID,response
1,"{
  ""step_1"": ""The decision reason can be applied to the decision problem. The relevant information for the decision reason includes the minimum and maximum probabilities of each lottery. For Lottery A, the minimum and maximum probabilities are both 100% (since there is only one outcome). For Lottery B, the minimum probability is 1% and the maximum probability is 66%. The difference between the minimum and maximum probabilities for Lottery A is 0% (100% - 100%), and for Lottery B is 65% (66% - 1%)."",
  ""step_2"": ""The individual considered the outcomes and their corresponding probabilities for both lotteries. They calculated the expected value of each lottery and chose the one with the higher expected value. The individual mentions considering the 1% probability of winning 0 Euros in Lottery B as 'unwahrscheinlich genug' (unlikely enough) to take the risk, implying they were aware of the risk but chose based on expected value."",
  ""step_3"": ""The decision reason considers the difference between the minimum and maximum probabilities of each lottery, preferring the lottery with the smaller difference. The individual, however, based their decision on the expected value of each lottery, not directly on the differences between the minimum and maximum probabilities. While the individual did consider the probabilities, their justification for the choice was based on expected value, not the specific rule of minimizing the difference between minimum and maximum probabilities. Therefore, the decision reason does not align with the individual's justification for their choice."",
  ""final_assessment_score"": 0
}"
2,"{
  ""step_1"": ""The decision reason can be applied to the decision problem. The relevant information for the decision reason is the difference between the minimum and maximum probability of each lottery. For Lottery A, the minimum probability is 0% ( implicit, as there's a 66% chance of 0 Euros) and the maximum probability is 34% (for 2400 Euros), resulting in a difference of 34%. For Lottery B, the minimum probability is 0% (implicit, as there's a 67% chance of 0 Euros) and the maximum probability is 33% (for 2500 Euros), resulting in a difference of 33%. The decision reason prefers the lottery with the smaller difference, which would be Lottery B."",
  ""step_2"": ""The verbal report describes the individual first examining each lottery's outcomes and their respective probabilities. Then, the individual calculates the expected value of each lottery and chooses the one with the higher expected value. The information considered by the individual includes the outcomes and probabilities of both lotteries, as well as the calculated expected values. The individual's justification for the choice is based on the comparison of the expected values."",
  ""step_3"": ""Comparing the information relevant to the decision reason (differences in probabilities) with that considered by the individual (outcomes, probabilities, and expected values), it's clear the individual did not directly consider the difference between the minimum and maximum probabilities of each lottery. The individual's justification for the choice is based on expected values, not the probability differences. Therefore, the decision reason's rule (preferring the lottery with the smaller difference between minimum and maximum probability) does not match the individual's justification (choosing based on the higher expected value)."",
  ""final_assessment_score"": 0
}"
3,"{
  ""step_1"": ""The decision reason can be applied to the decision problem. The relevant information for the decision reason is the difference between the minimum and maximum probability of each lottery. For Lottery A, the minimum and maximum probabilities are both 100% (since there is only one outcome), so the difference is 0%. For Lottery B, the minimum probability is 20% and the maximum probability is 80%, so the difference is 60%. This information can be derived from the lotteries' outcomes and probabilities."",
  ""step_2"": ""The verbal report describes the individual's deliberation process as follows: The individual first examined each lottery's outcomes and their corresponding probabilities. Then, they calculated the expected value of each lottery. The individual's justification for their choice is that they preferred the certain outcome of 3000 Euros (Lottery A) over the potentially higher but uncertain outcome of Lottery B, because 3000 Euros is sufficient for them and they do not want to risk losing everything for an additional 1000 Euros, given that they cannot repeat the lottery to exploit the higher expected value."",
  ""step_3"": ""Comparing the information relevant to the decision reason (the difference between the minimum and maximum probability of each lottery) with that considered by the individual, it appears that the individual did not explicitly consider this difference in their deliberation process. Instead, they focused on the expected values and their personal risk preference. Comparing the decision reason's rule (preferring the lottery with the smaller difference between the minimum and maximum probability) to the individual's justification for their choice, it is clear that the individual's decision was based on a different criterion (risk aversion and sufficiency of the certain outcome). Therefore, it seems unlikely that the individual used the decision reason to make their decision."",
  ""final_assessment_score"": 0
}"
4,"{
  ""step_1"": ""The decision reason can be applied to the decision problem. The relevant information for the decision reason is the difference between the minimum and maximum probability of each lottery. For Lottery A, the minimum probability is 0% (implicitly, as 80% is the probability of 0 Euros) and the maximum probability is 20%, so the difference is 20%. For Lottery B, the minimum probability is 0% (implicitly, as 75% is the probability of 0 Euros) and the maximum probability is 25%, so the difference is 25%. The information relevant to the decision reason is: Lottery A has a probability difference of 20%, and Lottery B has a probability difference of 25%."",
  ""step_2"": ""The verbal report describes the individual first examining each lottery's outcomes and their corresponding probabilities. Then, the individual calculated the expected value of each lottery and chose the one with the higher expected value. The information considered by the individual includes the outcomes and probabilities of both lotteries, as well as the calculated expected values. The individual's justification for the choice is based on the comparison of the expected values of the two lotteries."",
  ""step_3"": ""Comparing the information relevant to the decision reason (probability differences) with that considered by the individual (outcomes, probabilities, and expected values), it appears the individual did not directly consider the difference between the minimum and maximum probabilities of each lottery. The individual's justification for the choice is based on expected values, not on the probability differences as specified by the decision reason. Therefore, the decision reason's rule (preferring the lottery with the smaller difference between the minimum and maximum probability) does not match the individual's justification (choosing based on the higher expected value)."",
  ""final_assessment_score"": 0
}"
5,"{
  ""step_1"": ""The decision reason can be applied to the decision problem. The relevant information for the decision reason is the difference between the minimum and maximum probability of each lottery. For Lottery A, the minimum probability is 45% and the maximum probability is 55%, resulting in a difference of 10%. For Lottery B, the minimum probability is 10% and the maximum probability is 90%, resulting in a difference of 80%. The decision reason prefers the lottery with the smaller difference, which is Lottery A with a difference of 10%."",
  ""step_2"": ""The verbal report describes the individual's deliberation process as follows: The individual first examined each lottery's outcomes and their corresponding probabilities. Then, they calculated the expected value of each lottery, which turned out to be the same for both. However, the individual decided based on their personal satisfaction with the potential winnings, considering that 3000€ would significantly impact their life, but they were not willing to risk it for an additional 3000€. The individual's justification for the choice seems to be based on their personal utility of the winnings rather than directly comparing the probabilities or their differences."",
  ""step_3"": ""Comparing the information relevant to the decision reason (the difference between the minimum and maximum probabilities) with that considered by the individual (outcomes, probabilities, and expected values), it appears that the individual did not directly consider the difference in probabilities as the decision reason suggests. The individual's justification for the choice focuses on the personal impact of the winnings rather than the probability differences. Therefore, it seems unlikely that the decision reason was used by the individual to make the decision."",
  ""final_assessment_score"": 0
}"
6,"{
  ""step_1"": ""The decision reason can be applied to the decision problem. The relevant information for the decision reason is the difference between the minimum and maximum probability of each lottery. For Lottery A, the difference is 0.2% - 0% = 0.2%. For Lottery B, the difference is 0.1% - 0% = 0.1%. The decision reason prefers the lottery with the smaller difference, which is Lottery B."",
  ""step_2"": ""The individual considered the outcomes and probabilities of both lotteries, calculating the expected value of each. They also considered the extreme case of winning 3000 Euros and the doubled chance of winning this amount in Lottery A. The individual's justification for the choice is based on their personal satisfaction with the possibility of winning 3000 Euros and the perceived increased chance of winning this amount in Lottery A."",
  ""step_3"": ""Comparing the information relevant to the decision reason (difference between minimum and maximum probability) with that considered by the individual (outcomes, probabilities, expected values, and personal satisfaction), it appears that the individual did not directly consider the difference between the minimum and maximum probabilities. The individual's justification for the choice is based on personal satisfaction and perceived chances, not the difference in probability ranges. Therefore, it seems unlikely that the decision reason was used by the individual."",
  ""final_assessment_score"": 0
}"
7,"{
  ""step_1"": ""The decision reason can be applied to the decision problem. The relevant information for the decision reason is the difference between the minimum and maximum probability of each lottery. For Lottery A, the minimum probability is 20% and the maximum probability is 80%, resulting in a difference of 60%. For Lottery B, the minimum and maximum probabilities are both 100% (since there is only one outcome), resulting in a difference of 0%. This information can be derived from the lotteries' outcomes and probabilities."",
  ""step_2"": ""The verbal report describes the individual’s deliberation process as follows: The individual first examined each lottery by looking at the outcomes and their corresponding probabilities. Then, the individual calculated the expected value of each lottery and chose the one with the higher expected value, but with a mistake in interpreting 'higher' as the larger absolute value of the expected value. The individual considered the outcomes and probabilities of both lotteries but focused on calculating and comparing the expected values to make the decision."",
  ""step_3"": ""Comparing the information relevant to the decision reason (differences in probabilities) with that considered by the individual (outcomes, probabilities, and expected values), it is clear that the individual did not directly consider the difference between the minimum and maximum probabilities of each lottery. The individual’s justification for the choice was based on the expected values, not the probability differences. Therefore, the decision reason’s rule (preferring the lottery with the smaller difference between the minimum and maximum probability) does not match the individual’s justification for the choice (preferring based on expected values with a specific interpretation of 'higher')."",
  ""final_assessment_score"": 0
}"
8,"{
  ""step_1"": ""The decision reason can be applied to the decision problem. The relevant information for the decision reason is the difference between the minimum and maximum probability of each lottery. For Lottery A, the minimum probability is 0% (implicitly, as there's a 75% chance of 0 Euros) and the maximum probability is 25%. The difference is 25%. For Lottery B, the minimum probability is 0% (implicitly, as there's an 80% chance of 0 Euros) and the maximum probability is 20%. The difference is 20%. The decision reason prefers the lottery with the smaller difference, which would be Lottery B."",
  ""step_2"": ""The individual first considered each lottery's outcomes and their respective probabilities. Then, the individual calculated the expected value of each lottery and chose the one that would result in the least debt on average. The individual's justification for the choice is based on minimizing average debt, which is related to the expected value calculation."",
  ""step_3"": ""Comparing the information relevant to the decision reason (differences in probabilities) with that considered by the individual (outcomes, probabilities, and expected values), it's clear the individual did not directly consider the difference between the minimum and maximum probabilities of each lottery as the basis for their decision. The individual's justification for the choice (minimizing average debt through expected value) does not align with the decision reason's rule (preferring the lottery with the smaller difference between minimum and maximum probability). Therefore, it does not appear the individual used the decision reason to make the decision."",
  ""final_assessment_score"": 0
}"
9,"{
  ""step_1"": ""The decision reason can be applied to the decision problem. The relevant information for the decision reason is the difference between the minimum and maximum probability of each lottery. For Lottery A, the minimum probability is 10% and the maximum probability is 90%, resulting in a difference of 80%. For Lottery B, the minimum probability is 45% and the maximum probability is 55%, resulting in a difference of 10%. The decision reason prefers the lottery with the smaller difference, which is Lottery B."",
  ""step_2"": ""The individual considered the outcomes and probabilities of both lotteries, calculating the expected value of each. They also mentioned the potential negative impact of the outcomes on their life. The individual's justification for their choice seems to be based on the desire to minimize the negative impact by reducing the probability of the negative outcome."",
  ""step_3"": ""Comparing the information relevant to the decision reason (difference between minimum and maximum probabilities) with that considered by the individual (outcomes, probabilities, and expected values), it appears that the individual did not explicitly consider the difference between the minimum and maximum probabilities. The individual's justification for the choice focuses on minimizing the negative impact, which is not directly related to the decision reason's rule. However, the individual's desire to 'entkommen' (escape) the situation by reducing the probability of the negative outcome might be indirectly related to the decision reason. Based on these comparisons, it seems uncertain whether the individual used the decision reason to make the decision."",
  ""final_assessment_score"": 50
}"
10,"{
  ""step_1"": ""The decision reason can be applied to the decision problem. The relevant information for the decision reason is the difference between the minimum and maximum probability of each lottery. For Lottery A, the minimum probability is 0% ( implicit, as 99.8% is the probability of 0 Euros) and the maximum probability is 99.8%, resulting in a difference of 99.8%. For Lottery B, the minimum probability is 0% (implicit, as 99.9% is the probability of 0 Euros) and the maximum probability is 99.9%, resulting in a difference of 99.9%. The decision reason prefers the lottery with the smaller difference, which in this case would be Lottery A, as 99.8% is less than 99.9%."",
  ""step_2"": ""The individual considered the outcomes and their corresponding probabilities of both lotteries. They compared the expected values of the two lotteries and found them to be equal. The individual then justified their choice by preferring the lottery with the lesser loss in case of an extreme unlucky event, indicating a focus on the potential losses and their willingness to accept a smaller loss over a larger one, regardless of the extremely low probabilities."",
  ""step_3"": ""Comparing the information relevant to the decision reason (the difference between the minimum and maximum probabilities of each lottery) with that considered by the individual (outcomes, probabilities, and expected values), it appears the individual did not directly consider the probability differences as the decision reason dictates. Instead, they focused on the potential losses and their willingness to accept smaller losses. The decision reason’s rule (preferring the lottery with the smaller difference between the minimum and maximum probability) does not align with the individual’s justification for the choice (preferring the lesser loss). Therefore, the individual did not use the decision reason as described to make their decision."",
  ""final_assessment_score"": 0
}"
11,"{
  ""step_1"": ""The decision reason can be applied to the decision problem. The relevant information for the decision reason is the difference between the minimum and maximum probability of each lottery. For Lottery A, the minimum probability is 50% and the maximum probability is 50%, so the difference is 0%. For Lottery B, the minimum probability is 100% and the maximum probability is 100%, so the difference is 0%. However, since the reason is about comparing these differences, we note that both lotteries have the same difference of 0%, which means the reason would be indifferent between the two lotteries based on this criterion alone."",
  ""step_2"": ""The individual considered the outcomes and probabilities of both lotteries, calculating the expected values. They noted that the expected values are equal but decided to choose Lottery B because the guaranteed 500 Euros were sufficient and did not want to risk the 50/50 chance of getting nothing with Lottery A. The individual's justification for the choice focuses on the sufficiency of the guaranteed amount and the risk aversion to the 50/50 lottery."",
  ""step_3"": ""Comparing the information relevant to the decision reason (difference in probabilities) with that considered by the individual (outcomes, probabilities, and expected values), it's clear the individual considered more factors than just the probability differences. The decision reason's rule (preferring the lottery with the smaller difference between minimum and maximum probability) does not directly align with the individual's justification (focusing on the guaranteed amount and risk aversion). Since both lotteries have the same difference in probabilities (0%), the decision reason would not prefer one over the other based on its criteria, but the individual did prefer one over the other based on different criteria. Therefore, it seems the decision reason was not the primary basis for the individual's choice."",
  ""final_assessment_score"": 0
}"
12,"Here's the assessment of the decision-making process:

{
  ""step_1"": ""The decision reason can be applied to the decision problem. The relevant information for the decision reason is the difference between the minimum and maximum probability of each lottery. For Lottery A, the minimum and maximum probabilities are both 100% (since there is only one outcome), so the difference is 0%. For Lottery B, the minimum probability is 0% (not present, but implied as the lowest possible probability) and the maximum probability is 50%, so the difference is 50%. However, given the context, it seems more appropriate to consider the range within the provided probabilities, thus for Lottery B, the minimum probability is 50% and the maximum is also 50%, making the difference 0%. The decision reason prefers the lottery with the smaller difference, which in this case would be both lotteries having a difference of 0% if we consider the actual provided probabilities for each lottery."",
  
  ""step_2"": ""The verbal report describes the individual first examining each lottery's outcomes and their associated probabilities. Then, the individual calculates the expected value for each lottery and finds them to be equal. The individual justifies their choice by considering their personal satisfaction with a certain amount of money (1500€) and the relative impact of gaining or losing 500€ on their life. The individual does not explicitly mention comparing the differences between the minimum and maximum probabilities of the lotteries."",
  
  ""step_3"": ""Comparing the information relevant to the decision reason (differences between minimum and maximum probabilities) with that considered by the individual (outcomes, probabilities, expected values, and personal financial satisfaction), it appears the individual did not directly consider the decision reason's specific criterion. The individual's justification for the choice focuses on personal financial satisfaction and the impact of potential gains or losses rather than the probability differences. Therefore, it seems unlikely that the decision reason was used by the individual to make the decision."",
  
  ""final_assessment_score"": 0
}"
13,"{
  ""step_1"": ""The decision reason considers the difference between the minimum and maximum probability of each lottery. For Lottery A, the probabilities are 25%, 25%, and 50%, so the minimum probability is 25% and the maximum probability is 50%. The difference is 25%. For Lottery B, the probabilities are 25% and 75%, so the minimum probability is 25% and the maximum probability is 75%. The difference is 50%. The decision reason prefers the lottery with the smaller difference, which is Lottery A."",
  ""step_2"": ""The individual first examined each lottery, looking at the outcomes and their corresponding probabilities. They then calculated the expected value of each lottery and found them to be equal. The individual's justification for their choice is based on their perception of the impact of the outcomes on their life, specifically that the difference between 0 and 2000/4000€ is more significant than the difference between 2000/4000€ and 6000€, leading them to avoid additional risk."",
  ""step_3"": ""Comparing the information relevant to the decision reason (differences in probability ranges) with that considered by the individual (outcomes, probabilities, expected values, and personal impact), it appears the individual did not directly consider the probability differences as the decision reason suggests. However, the individual's focus on risk and the impact of different outcomes indirectly relates to the concept of probability and risk. The decision reason's rule (preferring the smaller difference in probability) does not directly align with the individual's justification (focusing on the impact of outcomes and avoiding additional risk). Based on these comparisons, it seems the individual did not use the decision reason as defined to make their decision."",
  ""final_assessment_score"": 20
}"
14,"{
  ""step_1"": ""The decision reason can be applied to the decision problem. The relevant information for the decision reason includes the minimum and maximum probabilities of each lottery. For Lottery A, the minimum probability is 25% and the maximum probability is 75%. For Lottery B, the minimum probability is 25% and the maximum probability is 50%. The difference between the minimum and maximum probability for Lottery A is 50% (75% - 25%), and for Lottery B, it is 25% (50% - 25%)."",
  ""step_2"": ""The individual considered the outcomes and their corresponding probabilities for both lotteries, calculated the expected values, and found them to be equal. The individual also considered the potential negative consequences of each lottery and attempted to avoid them by choosing the lottery with a lower probability of negative outcomes. The individual's justification for choosing Lottery B was based on the compensation being sufficient after deducting half of the Euro."",
  ""step_3"": ""Comparing the information relevant to the decision reason with that considered by the individual, it appears that the individual did not explicitly consider the difference between the minimum and maximum probabilities of each lottery. The individual's justification for the choice was based on the expected values, negative consequences, and compensation, but not on the probability differences. Therefore, it is unlikely that the individual used the decision reason to make the decision."",
  ""final_assessment_score"": 0
}"
15,"{
  ""step_1"": ""The decision reason can be applied to the decision problem. The relevant information for the decision reason is the difference between the minimum and maximum probability of each lottery. For Lottery A, the minimum and maximum probabilities are both 100%, so the difference is 0%. For Lottery B, the minimum probability is 0% and the maximum probability is 0.1%, so the difference is 0.1%. The decision reason prefers the lottery with the smaller difference, which is Lottery A."",
  ""step_2"": ""The individual considered the outcomes and probabilities of both lotteries, calculated the expected values, and compared them. The individual also considered the potential impact of the winnings on their life. The justification for the choice seems to be based on the potential for a large gain, despite the low probability, rather than a direct comparison of the probability differences."",
  ""step_3"": ""The information relevant to the decision reason (probability differences) does not seem to be a primary consideration for the individual. The individual's justification for the choice focuses on the potential for a large gain and the minimal impact of the smaller certain gain. The decision reason's rule (preferring the lottery with the smaller probability difference) does not appear to be the primary driver of the individual's decision. Therefore, it is unlikely that the decision reason was used by the individual."",
  ""final_assessment_score"": 0
}"
16,"{
  ""step_1"": ""The decision reason can be applied to the decision problem. The relevant information for the decision reason includes the minimum and maximum probabilities of each lottery. For Lottery A, the minimum and maximum probabilities are both 100% (since there's only one outcome), resulting in a difference of 0%. For Lottery B, the minimum probability is 0.1% and the maximum probability is 99.9%, resulting in a difference of 99.8%. This information can be derived from the lotteries' outcomes and probabilities."",
  ""step_2"": ""The individual considered the outcomes and their corresponding probabilities for both lotteries, calculating the expected value for each. They noted that the expected values are equal but decided to choose Lottery A to avoid the small probability of an extremely negative consequence in Lottery B. The individual's justification for the choice focuses on avoiding a negative outcome despite its low probability, rather than directly comparing the differences in probability ranges between the two lotteries."",
  ""step_3"": ""Comparing the information relevant to the decision reason (differences in minimum and maximum probabilities) with that considered by the individual (outcomes, probabilities, and expected values), it's clear the individual did not directly use the decision reason's rule. The individual's justification for choosing Lottery A was based on avoiding a negative outcome, not explicitly on the difference between the minimum and maximum probabilities of each lottery. However, the choice aligns with the decision reason's preference for the lottery with the smaller difference between minimum and maximum probability (Lottery A has a difference of 0%, which is smaller than Lottery B's difference of 99.8%). Despite this alignment, the verbal report does not indicate that the decision was made based on this specific rule. Therefore, the assessment score should reflect uncertainty rather than certainty that the decision reason was used."",
  ""final_assessment_score"": 20
}"
17,"{
  ""step_1"": ""The decision reason can be applied to the decision problem. The relevant information for the decision reason is the difference between the minimum and maximum probability of each lottery. For Lottery A, the minimum and maximum probabilities are both 100% (since there is only one outcome), so the difference is 0%. For Lottery B, the minimum and maximum probabilities are 50%, so the difference is also 0%. However, since the decision reason is about comparing these differences, we note that both lotteries have the same difference of 0%, but the reason itself would not differentiate between them based on this criterion alone because it looks for the smallest difference, and both are equal in this aspect."",
  ""step_2"": ""The verbal report describes the individual first examining each lottery's outcomes and their respective probabilities. Then, the individual calculates the expected value of each lottery and chooses the one with the higher expected value. The information considered includes the outcomes and probabilities of both lotteries, as well as the calculated expected values. The justification for the choice is based on the comparison of the expected values of the two lotteries."",
  ""step_3"": ""Comparing the information relevant to the decision reason (differences in minimum and maximum probabilities) with that considered by the individual (outcomes, probabilities, and expected values), it's clear the individual did not directly consider the difference in probability ranges as the decision reason dictates. The individual's justification for the choice (comparing expected values) does not align with the decision reason's rule (preferring the lottery with the smaller difference between minimum and maximum probability). Since both lotteries have the same difference in probability (0%), the decision reason would not provide a basis for differentiation, but the individual's actual decision process was based on expected value, not the probability difference rule."",
  ""final_assessment_score"": 0
}"
18,"{
  ""step_1"": ""The decision reason can be applied to the decision problem. The relevant information for the decision reason is the difference between the minimum and maximum probability of each lottery. For Lottery A, the minimum and maximum probabilities are both 100% (since there is only one outcome), so the difference is 0%. For Lottery B, the minimum and maximum probabilities are 50%, so the difference is also 0%. This information can be derived from the lotteries' outcomes and probabilities."",
  ""step_2"": ""The individual considered the outcomes and probabilities of both lotteries, calculating the expected value of each. The individual's justification for the choice was based on the comparison of the expected values, choosing the lottery with the higher expected value."",
  ""step_3"": ""Comparing the information relevant to the decision reason with that considered by the individual, it appears that the individual did not focus on the difference between the minimum and maximum probabilities of each lottery. Instead, they calculated the expected value. Comparing the decision reason's rule to the individual's justification, it is clear that the individual used a different criterion (expected value) than the decision reason (difference between minimum and maximum probability). Therefore, it is unlikely that the individual used the decision reason to make the decision."",
  ""final_assessment_score"": 0
}"
19,"{
  ""step_1"": ""The decision reason can be applied to the decision problem. The relevant information for the decision reason is the difference between the minimum and maximum probability of each lottery. For Lottery A, the minimum and maximum probabilities are both 100%, so the difference is 0%. For Lottery B, the minimum and maximum probabilities are 50%, so the difference is also 0%. This information can be derived from the lotteries' outcomes and probabilities."",
  ""step_2"": ""The verbal report describes the individual's deliberation process as follows: The individual first examined each lottery's outcomes and their corresponding probabilities. Then, they calculated the expected value of each lottery and chose the one with the higher expected value. The individual considered the outcomes and probabilities of both lotteries, as well as the expected values. The justification for the choice is based on the comparison of the expected values."",
  ""step_3"": ""Comparing the information relevant to the decision reason (difference between minimum and maximum probabilities) with that considered by the individual (outcomes, probabilities, and expected values), it appears that the individual did not explicitly consider the difference between minimum and maximum probabilities. The individual's justification for the choice is based on the expected values, not the probability differences. Therefore, it seems unlikely that the decision reason was used by the individual."",
  ""final_assessment_score"": 0
}"
20,"{
  ""step_1"": ""The decision reason can be applied to the decision problem. The relevant information for the decision reason is the difference between the minimum and maximum probability of each lottery. For Lottery A, the minimum and maximum probability are both 100% (since there is only one outcome with 100% probability), resulting in a difference of 0%. For Lottery B, the minimum and maximum probability are 50% and 50%, respectively, resulting in a difference of 0%. The decision reason would prefer the lottery with the smaller difference, which in this case would be either lottery since both have the same difference of 0%."",
  ""step_2"": ""The individual considered the outcomes and probabilities of both lotteries, calculating the expected value for each. They also considered their personal financial situation and risk aversion, mentioning not wanting to take the risk of ending up with 6000€ in debt. The individual's justification for their choice seems to be based on risk aversion and personal financial security rather than directly on the differences in probability ranges between the two lotteries."",
  ""step_3"": ""Comparing the information relevant to the decision reason (differences in probability ranges) with that considered by the individual (outcomes, probabilities, expected values, and personal financial situation), it appears the individual did not directly consider the specific rule of the decision reason (difference between minimum and maximum probability). The individual's justification for the choice focuses on risk aversion and personal financial security, not on the probability differences. Therefore, it seems unlikely that the decision reason was used to make the decision."",
  ""final_assessment_score"": 0
}"
