problemID,response
1,"{
  ""step_1"": ""The decision reason evaluates lotteries based on their maximum and minimum outcomes. It prefers the lottery with the more favorable maximum outcome; if maximum outcomes are equal, it then compares the minimum outcomes. In this problem: Lottery A has a maximum outcome of 2500 Euros and a minimum outcome of 0 Euros. Lottery B has a maximum outcome of 2400 Euros and a minimum outcome of 2400 Euros. Thus, the maximum outcome of A (2500) is higher than that of B (2400). According to the decision reason, since the maximum outcome of A is more favorable, A should be preferred. The reason can therefore be applied to this decision problem."",
  ""step_2"": ""The individual in the verbal report states they prefer the security of lottery B over the risk in lottery A. They note that the risk of losing in lottery B is very low, but they find the difference in the winning amount too small to take the risk. This indicates that the individual values certainty and perceives the difference in potential gains (2500 vs. 2400) as negligible. The individual does not mention comparing maximum or minimum outcomes explicitly. Instead, the focus is on risk aversion and the perceived small difference in prize amounts, suggesting a preference for certainty over a slightly higher maximum outcome. No reference is made to evaluating the maximum or minimum outcomes as per the decision reason's rule."",
  ""step_3"": ""The information relevant to the decision reason — comparing maximum and minimum outcomes — is not considered by the individual. The individual does not identify or evaluate the maximum outcome of A (2500) as more favorable than B's (2400), nor does the individual mention the minimum outcome (0 vs. 2400). Instead, the justification centers on risk aversion and the perceived small difference in prize amounts, which reflects a different reasoning (e.g., risk preference or subjective valuation of gain differences). The decision reason requires a comparison of outcomes based on max and min, which is absent from the report. Therefore, the individual did not use the specified decision reason."",
  ""final_assessment_score"": 0
}"
2,"{
  ""step_1"": ""The decision reason evaluates lotteries based on their outcomes, specifically prioritizing the maximum outcome first. If the maximum outcomes are equal, it then considers the minimum outcome. In this case, both lotteries have a maximum outcome of 2500 Euros (A) and 2400 Euros (B). Thus, Lottery A has a higher maximum outcome (2500 vs. 2400). Therefore, according to the decision reason, Lottery A should be preferred because it has the more favorable maximum outcome. The relevant information from the lotteries is: A has a max of 2500, min of 0; B has a max of 2400, min of 0. The reason applies directly to this decision problem as the outcomes differ and the rule clearly applies to compare max and then min outcomes."",
  ""step_2"": ""The individual states that since there is no loss in either lottery (both offer 0 with high probability), they choose the lottery with a lower probability of success but a higher gain. This indicates that the individual is considering the trade-off between a higher guaranteed gain (2500 vs. 2400) and a lower probability of success (33% vs. 34%). The individual explicitly values the higher gain over the slightly higher probability of success. However, the reasoning focuses on the gain (higher win) and the probability trade-off, not on comparing the maximum and minimum outcomes as per the decision reason. The individual does not mention the maximum outcome being more favorable or compare the outcomes in terms of max first, then min. The justification centers on risk preference (choosing higher gain despite lower probability) rather than outcome-based comparison of max and min values."",
  ""step_3"": ""The decision reason requires comparing the maximum outcomes first; since A has a higher maximum (2500 > 2400), it should be preferred. The individual’s reasoning, however, does not reference the maximum outcome comparison or the rule of preferring the lottery with the more favorable maximum outcome. Instead, the individual justifies the choice based on a higher gain despite a lower probability of success — which reflects a different reasoning (e.g., risk-seeking or gain preference), not the outcome-based comparison rule specified in the decision reason. Therefore, the individual did not apply the decision reason as described. The information considered (outcomes) is present, but the justification does not follow the rule of prioritizing maximum outcome. Thus, the decision reason was not used."",
  ""final_assessment_score"": 0
}"
3,"{
  ""step_1"": ""The decision reason evaluates lotteries based on their maximum and minimum outcomes. It prefers the lottery with the more favorable maximum outcome; if those are equal, it then considers the minimum outcome. In this decision problem, Lottery A offers a guaranteed 3000 Euros (maximum = 3000, minimum = 3000), while Lottery B offers 4000 Euros with 80% probability and 0 Euros with 20% probability (maximum = 4000, minimum = 0). The maximum outcome of B (4000) is higher than that of A (3000). According to the decision reason, the lottery with the more favorable maximum outcome should be preferred. Therefore, the reason would prefer Lottery B over Lottery A. The relevant information for the reason is clearly present in the lotteries' outcomes and probabilities."",
  ""step_2"": ""The individual considers that Lottery A offers a 100% chance to win, while Lottery B has a high probability of winning more than losing, but the individual chooses the safety of a guaranteed win over the risk of losing. The individual emphasizes the preference for certainty and mentions avoiding risk, particularly the risk of losing money. The individual does not mention comparing the maximum or minimum outcomes numerically, nor does the individual refer to the 4000 Euro maximum outcome of B or the 0 Euro minimum outcome of B. Instead, the justification centers on risk aversion and the value of certainty. Thus, the deliberation process focuses on risk and certainty, not on comparing maximum or minimum outcomes as required by the decision reason."",
  ""step_3"": ""The information relevant to the decision reason — specifically, the comparison of maximum and minimum outcomes — is not considered by the individual. The individual does not reference the 4000 Euro maximum outcome of B or the 0 Euro minimum outcome, nor does the individual apply any rule based on favorable maximum or minimum outcomes. Instead, the justification is based on risk aversion and preference for certainty, which is a different reasoning pattern. Therefore, the individual did not use the decision reason that prioritizes maximum and minimum outcomes. The reasoning described does not align with the rule of the decision reason. Thus, the decision reason was not used."",
  ""final_assessment_score"": 0
}"
4,"{
  ""step_1"": ""The decision reason evaluates lotteries based on their maximum and minimum outcomes. It prefers the lottery with the more favorable maximum outcome; if those are equal, it then considers the minimum outcome. In this problem, Lottery A has a maximum outcome of 3000 Euros and a minimum of 0 Euros. Lottery B has a maximum outcome of 4000 Euros and a minimum of 0 Euros. Therefore, the maximum outcome of B (4000) is higher than that of A (3000), so according to the decision reason, B should be preferred. The relevant information for the reason is clearly present: the maximum outcomes differ, and the reason prioritizes the higher maximum outcome. Thus, the decision reason can be applied to this decision problem."",
  ""step_2"": ""The individual in the verbal report notes that the probabilities of winning are similar, with A having a 5% higher chance of winning (25% vs. 20%), but also that the amount won is less in A. The individual states that both lotteries have a high risk of losing (i.e., 80% chance of 0 Euros). The individual ultimately chooses Lottery B because it allows for a higher win (4000 Euros vs. 3000 Euros) and emphasizes that when the 20% probability occurs, a higher gain is achieved. The individual also says they would choose the higher risk (i.e., higher chance of loss) for the higher potential gain. The deliberation focuses on the higher maximum outcome in B and acknowledges the higher risk, but does not mention or evaluate the minimum outcomes (both are 0), nor does it compare the outcomes based on the reason’s rule of first preferring the more favorable maximum outcome and then the minimum if maximums are equal. The justification centers on the higher potential gain and willingness to take higher risk, not on a systematic comparison of outcomes according to maximum and minimum structure."",
  ""step_3"": ""The decision reason requires comparing the maximum outcomes first. Since Lottery B has a higher maximum outcome (4000 vs. 3000), it should be preferred according to the reason. The individual acknowledges the higher maximum outcome in B and cites it as a reason for choosing B, which aligns with the reason’s emphasis on the more favorable maximum outcome. However, the individual does not explicitly or systematically evaluate the minimum outcomes (both are 0), nor does the justification follow a rule-based comparison between outcomes. The reasoning is qualitative and centered on risk-taking and potential gain, not on the structured evaluation of maximum and minimum outcomes as specified in the reason. While the correct outcome (B) is chosen and the higher maximum is mentioned, the justification lacks the formal structure of the decision reason. Therefore, the individual used a relevant part of the reason (focusing on maximum outcome), but not the full rule-based reasoning process. This suggests partial alignment with the reason, but not full use of its structure and logic."",
  ""final_assessment_score"": 60
}"
5,"{
  ""step_1"": ""The decision reason evaluates lotteries based on their maximum and minimum outcomes. It prefers the lottery with the more favorable maximum outcome; if those are equal, it then compares the minimum outcomes. In this case, both lotteries have a maximum outcome of 6000 Euros (Lottery B) and 3000 Euros (Lottery A). Therefore, the maximum outcome is not equal — Lottery B has a higher maximum outcome (6000 vs. 3000). According to the decision reason, the lottery with the more favorable maximum outcome should be preferred. Thus, the reason would prefer Lottery B. However, the reason is based solely on the outcomes (maximum and minimum), not on the probabilities. The information relevant to the decision reason is clear: Lottery B has a higher maximum outcome (6000 vs. 3000), and both have a minimum of 0. The decision reason can be applied to this problem."",
  ""step_2"": ""The individual states that the probability of winning in Lottery A is higher than in Lottery B — 90% vs. 45%. Despite the lower prize in Lottery A (3000 vs. 6000), the individual chooses Lottery A because of the higher probability of winning. The individual's consideration focuses on the probability of winning, not on the monetary outcomes or their comparison (such as maximum or minimum outcomes). The justification is based on the likelihood of receiving a prize, not on the magnitude of the potential outcomes. There is no mention of comparing the maximum or minimum outcomes of the lotteries, nor any reference to preferring a higher maximum or minimum outcome. The deliberation process centers on probability, not on the decision reason's criteria of outcome-based comparison."",
  ""step_3"": ""The information relevant to the decision reason — specifically, the comparison of maximum and minimum outcomes — is not considered by the individual. The individual does not evaluate the maximum outcome (6000 vs. 3000) or the minimum outcome (0 vs. 0). Instead, the individual focuses entirely on the probability of winning. The decision reason requires a comparison of outcomes, particularly the maximum outcome, which is absent from the verbal report. The individual’s justification (based on higher probability) does not align with the rule of the decision reason (which prioritizes favorable outcomes). Therefore, the decision reason was not used in the deliberation process."",
  ""final_assessment_score"": 0
}"
6,"{
  ""step_1"": ""The decision reason evaluates lotteries based on their outcomes, specifically prioritizing the maximum outcome first. If the maximum outcomes are the same, it then compares the minimum outcomes. In this case, both lotteries have a maximum outcome of 6000 Euros (Lottery B) and 3000 Euros (Lottery A). Therefore, the maximum outcomes are not identical — Lottery B has a higher maximum outcome (6000 vs. 3000). According to the decision reason, since the maximum outcomes differ, the lottery with the more favorable maximum outcome (i.e., 6000 Euros) should be preferred. Thus, the decision reason can be applied to this decision problem and clearly identifies Lottery B as preferred."",
  ""step_2"": ""The individual states that in both lotteries, there are no losses (i.e., no negative outcomes), so the decision is based on choosing the lottery with a lower probability of winning but a higher prize. This indicates that the individual is considering the trade-off between probability and prize size. Specifically, the individual chooses the lottery with the lower chance of winning (implying a higher prize) — which aligns with a preference for a higher potential gain despite lower probability. However, the individual does not explicitly reference the maximum or minimum outcomes of the lotteries, nor does the individual mention comparing the maximum outcome (6000 vs. 3000) or the minimum outcome (0 vs. 0). The justification is framed in terms of 'lower chance with higher win' rather than a structured comparison of outcomes as per the decision reason. The reasoning is about risk and reward trade-offs, but not in terms of maximum or minimum outcome comparisons as specified in the decision reason."",
  ""step_3"": ""The information relevant to the decision reason — specifically, the comparison of maximum and minimum outcomes — is not explicitly considered or mentioned in the verbal report. The individual does not refer to the 6000 vs. 3000 maximum outcomes or the fact that Lottery B has a higher maximum outcome. Instead, the individual focuses on choosing a lower probability with a higher prize, which is a different kind of reasoning (e.g., risk preference or gain magnitude). The decision reason requires a comparison of outcomes in terms of maximum first, then minimum, which is absent from the report. Therefore, the individual did not use the specified decision reason. The justification is consistent with a different decision rationale (e.g., risk aversion or preference for high-stakes outcomes), not the one specified in the decision reason."",
  ""final_assessment_score"": 0
}"
7,"{
  ""step_1"": ""The decision reason evaluates lotteries based on their outcomes, specifically focusing on the maximum and minimum outcomes. For Lottery A, the outcomes are -4000 Euros (80% probability) and 0 Euros (20% probability). Thus, the maximum outcome is 0 Euros and the minimum outcome is -4000 Euros. For Lottery B, the outcome is -3000 Euros with 100% probability. Therefore, the maximum outcome is -3000 Euros and the minimum outcome is also -3000 Euros. The reason prefers the lottery with the more favorable maximum outcome; if maximum outcomes are equal, it prefers the one with the more favorable minimum outcome. Here, Lottery A has a maximum outcome of 0 Euros, which is more favorable than Lottery B’s maximum outcome of -3000 Euros. Therefore, the decision reason would prefer Lottery A over Lottery B."",
  ""step_2"": ""The individual states: 'Ich wähle eher die Option keinen Verlust erzielen zu können, als mit sicherheit zu verlieren.' This translates to: 'I prefer the option of not incurring a loss, rather than losing for sure.' This indicates that the individual is emphasizing the avoidance of loss. The individual is not explicitly comparing maximum or minimum outcomes numerically, but rather focuses on the idea of avoiding a loss altogether. The individual does not mention the specific amounts (e.g., -4000 vs. -3000) or refer to the maximum or minimum outcomes in a way that aligns with the decision reason's criteria. Instead, the justification centers on the concept of loss avoidance, which is a different kind of reasoning (e.g., risk aversion or loss aversion), not a direct comparison of maximum or minimum outcomes as specified in the decision reason."",
  ""step_3"": ""The decision reason requires a comparison of the maximum outcomes first, and if tied, then the minimum outcomes. In this case, Lottery A has a maximum outcome of 0 (no loss), while Lottery B has a maximum outcome of -3000 (a loss). Since 0 > -3000, the reason would prefer Lottery A. The individual's justification focuses on avoiding a loss, which is consistent with preferring a lottery that avoids a loss (like A), but does not mention or apply the specific rule about comparing maximum and minimum outcomes. The individual does not reference the outcomes in terms of their maximum or minimum values, nor does the reasoning follow the structure of the decision reason (e.g., 'more favorable maximum outcome' or 'if maximum equal, then more favorable minimum'). Therefore, while the outcome (avoiding loss) aligns with the preference of Lottery A, the reasoning process does not reflect the explicit use of the decision reason's rule. Thus, the individual did not use the decision reason as specified."",
  ""final_assessment_score"": 30
}"
8,"{
  ""step_1"": ""The decision reason evaluates lotteries based on their outcomes, specifically focusing on the maximum and minimum outcomes. In this case, both lotteries have the same maximum outcome (0 Euros) and the same minimum outcome (-4000 Euros for B and -3000 Euros for A). Therefore, the maximum outcomes are identical. The reason then considers the minimum outcome: the more favorable (less negative) minimum outcome is preferred. Here, Lottery A has a minimum outcome of -3000 Euros, which is greater than Lottery B's -4000 Euros. Thus, according to the decision reason, Lottery A should be preferred because it has a more favorable minimum outcome. The relevant information for the decision reason is clearly present in the lotteries' outcomes and probabilities."",
  ""step_2"": ""The individual states that in both lotteries, the probability of losing is lower than the probability of gaining nothing (i.e., getting 0 Euros). This is factually correct since both lotteries have a 20% and 80% chance of losing money (in the case of B) or a 25% and 75% chance (in the case of A). The individual then chooses the option where they would lose less money, noting that there is no chance to gain anything. This indicates that the individual is focusing on minimizing loss, specifically the magnitude of the loss in the worst-case scenario. The individual does not mention comparing maximum or minimum outcomes explicitly, nor does the individual reference the difference between the outcomes in terms of favorable minimums. Instead, the justification centers on avoiding larger losses and choosing the one with a smaller potential loss (i.e., less negative outcome). This suggests consideration of the minimum outcome, but it is framed in terms of loss minimization rather than a formal comparison of outcomes as per the decision reason."",
  ""step_3"": ""The information relevant to the decision reason — comparing the maximum and minimum outcomes — is present in the verbal report, as the individual identifies that they are choosing the option with less loss, which corresponds to a more favorable minimum outcome (A has -3000 vs. B's -4000). The individual's justification centers on minimizing loss, which aligns with the decision reason's emphasis on preferring a lottery with a more favorable minimum outcome when maximum outcomes are equal. While the reasoning is not explicitly stated in terms of outcomes, it is conceptually equivalent. The individual implicitly uses the rule of preferring the lottery with the more favorable minimum outcome when maximum outcomes are equal. Therefore, the decision reason was used, though not in explicit or formal terms. The alignment between the reason and the reported justification is strong, even if the language is simplified. Thus, the individual used the decision reason in a functional way."",
  ""final_assessment_score"": 90
}"
9,"{
  ""step_1"": ""The decision reason evaluates lotteries based on the outcomes, specifically prioritizing the maximum outcome (most favorable outcome) and, if tied, the minimum outcome (least unfavorable outcome). In this case, both lotteries have the same maximum outcome (0 Euros), since both can result in 0. The minimum outcomes are -6000 Euros for Lottery B and -3000 Euros for Lottery A. Thus, Lottery A has a less negative (more favorable) minimum outcome. According to the decision reason, since the maximum outcomes are equal, the lottery with the more favorable minimum outcome (Lottery A) is preferred. Therefore, the decision reason is applicable and can be used to evaluate this decision problem."",
  ""step_2"": ""The individual's verbal report states: 'Hier entscheide ich mich für die höhere Wahrscheinlichkeit keinen Verlust zu erzielen. Dafür nehme ich auch einen höheren Verlust in kauf.' This translates to: 'Here I decide to choose the lottery with the higher probability of not suffering a loss. For that, I accept a higher loss.' The individual is focusing on the probability of avoiding a loss (i.e., the probability of getting 0 Euros). They recognize that Lottery A has a 10% chance of 0 Euros (no loss), while Lottery B has a 55% chance of 0 Euros. Thus, the individual considers Lottery B more likely to avoid a loss (55% vs. 10%). However, they conclude that they will accept a higher loss (i.e., a larger negative outcome) in exchange for a higher chance of avoiding loss. The deliberation centers on the probability of avoiding a loss, not on comparing the maximum or minimum outcomes. The individual does not mention or consider the outcomes (e.g., -6000 vs. -3000) or any comparison between the favorable maximum or minimum outcomes. The justification is based on probabilistic reasoning about avoiding loss, not on outcome-based evaluation as specified in the decision reason."",
  ""step_3"": ""The decision reason requires comparing the maximum and minimum outcomes to determine preference. The individual does not consider the outcomes (e.g., the maximum or minimum values) at all. Instead, they focus solely on the probability of avoiding a loss (i.e., getting 0 Euros), which is a different reasoning process. The individual’s justification does not reflect the rule of preferring the lottery with the more favorable maximum outcome (or, in case of tie, the more favorable minimum outcome). Therefore, the decision reason was not used. The individual's reasoning is based on risk avoidance via probability, not on outcome-based evaluation of favorable extremes."",
  ""final_assessment_score"": 0
}"
10,"{
  ""step_1"": ""The decision reason evaluates lotteries based on the outcomes, specifically prioritizing the maximum outcome (the best possible result) and, if tied, the minimum outcome (the worst possible result). In this case, both lotteries have the same maximum outcome (0 Euros), and both have negative outcomes (losses) with different probabilities. Since the maximum outcomes are identical, the reason would then compare the minimum outcomes. The minimum outcome for both lotteries is -6000 Euros (Lottery B) and -3000 Euros (Lottery A). Thus, -3000 is more favorable than -6000. Therefore, according to the decision reason, Lottery A has the more favorable minimum outcome and should be preferred. The relevant information for the decision reason is fully present in the lotteries' outcomes and probabilities."",
  ""step_2"": ""The individual's verbal report states: 'Ich entscheide mich hier für die höchste Wahrscheinlichkeit keinen Verlust zu erzielen.' This translates to 'I decide here for the highest probability of not suffering a loss.' The individual is focusing on the probability of avoiding a loss (i.e., the probability of getting 0 Euros), not on comparing the maximum or minimum outcomes. Specifically, the individual is emphasizing the probability of not losing money, which corresponds to the 99.9% chance for Lottery B and the 99.8% chance for Lottery A. Thus, the individual chooses based on the higher probability of no loss (avoiding a loss), which is Lottery B. The deliberation process centers on the probability of avoiding a financial loss, not on comparing the outcomes (maximum or minimum) as required by the decision reason. There is no mention of comparing outcomes or considering the favorable maximum or minimum outcomes."",
  ""step_3"": ""The decision reason requires comparing the outcomes—specifically, the maximum and then the minimum outcomes—to determine preference. The individual, however, focuses entirely on the probability of avoiding a loss (i.e., the probability of getting 0 Euros), which is a different criterion. The individual does not mention or consider the maximum or minimum outcomes at all. Therefore, the decision reason is not applied. The individual’s justification is based on a different rule (probability of no loss) rather than the outcome-based rule specified in the decision reason. Thus, the decision reason was not used."",
  ""final_assessment_score"": 0
}"
11,"{
  ""step_1"": ""The decision reason evaluates lotteries based on their maximum and minimum outcomes. It prefers the lottery with the more favorable maximum outcome; if those are equal, it then considers the minimum outcome. In this problem, Lottery A has a maximum outcome of 1000 Euros and a minimum of 0 Euros. Lottery B has a maximum outcome of 500 Euros and a minimum of 500 Euros. Therefore, the maximum outcome of A (1000) is greater than that of B (500), so according to the decision reason, A should be preferred. The reason is directly applicable to this decision problem because the outcomes and their probabilities are clearly defined and the comparison between maximum and minimum outcomes is feasible."",
  ""step_2"": ""The individual states that there are no losses in either lottery, which is true since both offer non-negative outcomes. The individual chooses a lottery with a lower probability of winning but a higher potential gain (i.e., A) over the certainty of a smaller guaranteed gain (B). The justification emphasizes preferring a higher potential gain despite lower probability, which reflects a risk-seeking attitude. However, the individual does not explicitly mention comparing maximum or minimum outcomes, nor does the report refer to the maximum outcome being more favorable or the minimum outcome being more favorable. The reasoning is framed in terms of risk preference (higher gain despite lower chance) rather than in terms of outcome comparisons as specified in the decision reason."",
  ""step_3"": ""The information relevant to the decision reason — specifically, the comparison of maximum and minimum outcomes — is present in the problem but not explicitly discussed or referenced in the verbal report. The individual acknowledges the higher potential gain in A (1000 vs. 500) and chooses it, which aligns with preferring the higher maximum outcome. However, the justification is not articulated in terms of the decision reason's rule (i.e., comparing maximum outcomes first, then minimum if tied), but rather in terms of risk-seeking behavior or preference for a larger potential gain. Since the individual does not explicitly or implicitly apply the structured comparison of outcomes (maximum first, then minimum), the decision reason is not clearly used. The reasoning is related in spirit but not in structure or content as specified in the reason. Therefore, the use of the decision reason is not certain."",
  ""final_assessment_score"": 40
}"
12,"{
  ""step_1"": ""The decision reason evaluates lotteries based on the outcomes, specifically focusing on the maximum and minimum outcomes. For Lottery A, the outcomes are -1000 Euros (50%) and 0 Euros (50%), so the maximum outcome is 0 Euros and the minimum is -1000 Euros. For Lottery B, the outcome is -500 Euros with 100% probability, so the maximum and minimum are both -500 Euros. According to the decision reason, the lottery with the more favorable maximum outcome is preferred. Since 0 > -500, Lottery A has a more favorable maximum outcome. If the maximum outcomes were equal, the reason would then compare the minimum outcomes. Here, the maximum outcome differs, and A has a better maximum. Thus, the decision reason clearly applies and would prefer Lottery A."",
  ""step_2"": ""The individual in the verbal report states that in Lottery A, there is a possibility of gaining money (0 Euros), while in Lottery B, there is only a possibility of losing money (-500 Euros). The individual concludes that this difference in outcomes—specifically, the possibility of gaining money in A versus only losing in B—led to choosing Lottery A. The individual focuses on the potential for a positive outcome (zero) in A versus the guaranteed loss in B. The deliberation centers on the presence of a non-negative outcome in A and the absence of any positive outcome in B. There is no mention of comparing maximum or minimum outcomes numerically, nor is there a reference to the magnitude of losses or gains beyond the binary distinction of 'gaining' vs 'losing'."",
  ""step_3"": ""The decision reason explicitly requires comparing the maximum and minimum outcomes. It prioritizes the maximum outcome, and if tied, then the minimum. The individual’s reasoning focuses on a qualitative distinction—whether there is a chance to gain money versus only a loss—without referencing the actual values of the outcomes (e.g., 0 vs -500 or -1000 vs -500). While the individual identifies a favorable outcome (0) in A compared to a loss in B, they do not articulate the comparison of maximum outcomes (0 vs -500) or the rule-based preference for the more favorable maximum. Therefore, although the individual’s conclusion aligns with the outcome preference of the reason, the justification lacks the explicit use of the decision reason’s rule. The reasoning is qualitatively similar but does not reflect the structured evaluation of outcomes as specified in the reason. Thus, the decision reason was not explicitly or systematically used in the deliberation process."",
  ""final_assessment_score"": 30
}"
13,"{
  ""step_1"": ""The decision reason evaluates lotteries based on the maximum and minimum outcomes. For Lottery A: maximum outcome is 2000 Euros, minimum outcome is 0 Euros. For Lottery B: maximum outcome is 6000 Euros, minimum outcome is 0 Euros. The reason first compares the maximum outcomes: 6000 (B) vs. 2000 (A). Since 6000 > 2000, B has a more favorable maximum outcome. However, the reason specifies that if maximum outcomes are identical, then the minimum outcome is compared. Here, maximum outcomes are not identical, so the rule would prefer B due to its higher maximum outcome. Thus, the decision reason clearly applies and can be used to evaluate the lotteries."",
  ""step_2"": ""The individual in the verbal report compares the two lotteries in terms of risk and certainty. They note that Lottery B offers a higher potential win (6000 Euros) but a high probability of losing (75% chance of 0 Euros). In contrast, Lottery A offers a lower maximum win (2000 Euros), but a higher chance of winning (25% + 25% = 50% chance of getting at least 2000 Euros, and 50% chance of 0). The individual concludes that they prefer Lottery A because of 'more security of a win'. This indicates a preference for certainty and risk reduction over a higher potential gain. The individual does not mention comparing maximum or minimum outcomes explicitly, nor does the reasoning reference the differences in the outcomes themselves (e.g., 6000 vs. 2000 or 0 vs. 0). Instead, the focus is on probability of winning and perceived security, which reflects a risk-averse or certainty-seeking preference, not the outcome-based comparison specified in the decision reason."",
  ""step_3"": ""The decision reason requires comparing the maximum and minimum outcomes: it prefers the lottery with the more favorable maximum outcome, and if tied, then the more favorable minimum outcome. In this case, Lottery B has a higher maximum outcome (6000 vs. 2000), so according to the reason, B should be preferred. However, the individual does not mention the maximum or minimum outcomes at all in their reasoning. Instead, they focus on the probability of winning and the feeling of 'security' in Lottery A. There is no reference to outcome differences or their relative favorability. Therefore, the individual did not apply the decision reason. The justification is based on risk aversion and perceived security, not on evaluating the maximum or minimum outcomes as specified in the reason. Hence, the decision reason was not used."",
  ""final_assessment_score"": 0
}"
14,"{
  ""step_1"": ""The decision reason evaluates lotteries based on the maximum and minimum outcomes. For Lottery A: the maximum outcome is 0 Euros, and the minimum outcome is -6000 Euros. For Lottery B: the maximum outcome is 0 Euros, and the minimum outcome is -2000 Euros. Since both lotteries have the same maximum outcome (0 Euros), the reason then compares the minimum outcomes. The minimum outcome of A is -6000 Euros, which is less favorable (more negative) than the minimum outcome of B, which is -2000 Euros. Therefore, according to the decision reason, Lottery B has the more favorable minimum outcome and should be preferred. Thus, the decision reason clearly applies to this problem and provides a clear preference: B over A."",
  ""step_2"": ""The individual states that they choose for safety. They note that in Lottery A, there is a 75% chance of winning 0 Euros (i.e., no loss), whereas in Lottery B, there is only a 50% chance of winning 0 Euros. They emphasize that the loss in Lottery A is higher (-6000 Euros) than in Lottery B (-2000 Euros), but they argue that the 75% probability of no loss in A gives them more security. The individual focuses on the probability of avoiding a loss and the certainty of not losing in A, rather than on comparing the maximum or minimum outcomes of the lotteries. There is no mention of comparing the maximum outcomes (both are 0) or the minimum outcomes (A: -6000, B: -2000). The justification centers on risk avoidance via higher probability of no loss, not on outcome differences as per the decision reason."",
  ""step_3"": ""The decision reason requires comparing the maximum and minimum outcomes: when max outcomes are equal, it prefers the lottery with the more favorable (less negative) minimum outcome. In this case, Lottery B has a less negative minimum outcome (-2000 vs. -6000), so B should be preferred. However, the individual's verbal report does not mention comparing the outcomes in terms of maximum or minimum values. Instead, the individual focuses on the probability of avoiding a loss (75% in A vs. 50% in B) and frames the decision in terms of safety and certainty, not on the numerical differences in outcomes. Therefore, the individual did not use the decision reason's rule—specifically, the comparison of maximum and minimum outcomes. The reasoning described is about probability of avoiding loss, not about outcome differences. Hence, the decision reason was not used."",
  ""final_assessment_score"": 0
}"
15,"{
  ""step_1"": ""The decision reason evaluates lotteries based on their outcomes, specifically prioritizing the maximum outcome first, and then the minimum outcome if the maximum outcomes are equal. In this case, Lottery A has a maximum outcome of 5000 Euros and a minimum outcome of 0 Euros. Lottery B has a maximum outcome of 5 Euros and a minimum outcome of 5 Euros. The maximum outcome of A (5000) is significantly higher than that of B (5). According to the decision reason, the lottery with the more favorable maximum outcome should be preferred. Since 5000 > 5, the reason would prefer Lottery A. However, the reason also considers the minimum outcome only if the maximum outcomes are equal. Here, the maximum outcomes are not equal, so the rule clearly favors A. Thus, the decision reason is directly applicable to this problem and can be evaluated based on the outcomes and probabilities."",
  ""step_2"": ""The individual in the verbal report states that the probability of winning in Lottery A is very low, and although there is a larger prize, they choose Lottery B for the security it offers. The individual acknowledges the higher potential gain in Lottery A but emphasizes the low probability and the certainty of 5 Euros in Lottery B. The individual's consideration includes the low probability of winning in A and the certainty of a small gain in B. The justification centers on risk aversion and the preference for certainty over a small chance of a large gain. There is no mention of comparing maximum or minimum outcomes explicitly, nor is there any reference to the size of the outcomes being important in the decision process. The deliberation focuses on risk and certainty, not on the magnitude of outcomes."",
  ""step_3"": ""The decision reason requires comparing the maximum outcomes first; here, A has a much higher maximum outcome (5000 vs. 5), so it should be preferred. However, the individual does not consider or reference the maximum outcome at all. Instead, the individual focuses on the low probability and the certainty of a small gain, indicating a focus on risk and security rather than on outcome magnitude. The justification does not reflect the rule of preferring the lottery with the more favorable maximum outcome (or minimum if maximums are equal). Therefore, the individual did not apply the decision reason. The verbal report shows a different reasoning process—risk aversion and certainty—rather than outcome-based evaluation based on maximum or minimum values. Thus, the decision reason was not used."",
  ""final_assessment_score"": 0
}"
16,"{
  ""step_1"": ""The decision reason evaluates lotteries based on the outcomes, specifically focusing on the maximum and minimum outcomes. In this case, Lottery A has a fixed outcome of -5 Euros (maximum and minimum are both -5). Lottery B has a maximum outcome of 0 Euros and a minimum outcome of -5000 Euros. The reason prefers the lottery with the more favorable maximum outcome; since 0 > -5, Lottery B has a more favorable maximum outcome. Even though the minimum outcome in B is much worse, the reason only considers the maximum outcome as primary, and if those are equal, then the minimum. Here, the maximum outcome of B (0) is more favorable than that of A (-5), so according to the reason, B should be preferred. The relevant information from the lotteries is thus clear and applicable to the decision reason."",
  ""step_2"": ""The individual's verbal report states: 'Hier wähle ich lieber das risiko einen höheren Verlust zu erleiden, weil die Wahrscheinlichkeit in Lotterie B zu verlieren niedriger ist.' This translates to: 'I would rather take the risk of experiencing a higher loss because the probability of losing in Lottery B is lower.' The individual is expressing a preference for Lottery B, citing a lower probability of loss. However, the justification is based on the probability of loss (risk), not on comparing the outcomes—specifically, not on the maximum or minimum outcomes. The individual does not mention the monetary outcomes (e.g., 0 vs. -5, or -5000), nor does the individual reference the more favorable maximum outcome (0 vs. -5). Instead, the reasoning is about probability of loss, not about outcome differences. Thus, the considered information is about probability, not about the outcomes as specified in the decision reason."",
  ""step_3"": ""The decision reason focuses on comparing outcomes—specifically, the maximum and then the minimum outcomes—to determine preference. The individual's reasoning, however, is based on the probability of loss, not on the magnitude or comparison of outcomes. There is no mention of the maximum outcome (0 in B vs. -5 in A) being more favorable, nor is there any reference to the minimum outcome. Therefore, the individual did not consider the relevant information from the decision reason (i.e., the outcomes) and did not apply the rule (prefer the lottery with the more favorable maximum outcome). The justification is entirely different and based on risk probability, not outcome comparison. Thus, the decision reason was not used."",
  ""final_assessment_score"": 0
}"
17,"{
  ""step_1"": ""The decision reason evaluates lotteries based on their maximum and minimum outcomes. Lottery A has a maximum outcome of 3000 Euros and a minimum outcome of -3000 Euros. Lottery B has a maximum outcome of 1500 Euros and a minimum outcome of 1500 Euros. The reason prefers the lottery with the more favorable maximum outcome; if maximum outcomes are equal, it then considers the minimum outcome. Here, the maximum outcome of A (3000) is greater than that of B (1500), so according to the reason, A should be preferred. However, the reason also emphasizes the avoidance of a large loss, which is relevant to the minimum outcome. Since A has a much worse minimum outcome (-3000), the reason would still favor B if the focus were on minimizing downside risk. But the stated rule prioritizes the maximum outcome first. Thus, the reason is applicable and clearly defined with respect to the lotteries' outcomes."",
  ""step_2"": ""The individual states: 'Ich entscheide mich eher für den Sicheren Gewinn, als das Risiko einen hohen Verlust zu erzielen.' This translates to: 'I decide more for the certain gain rather than taking the risk of incurring a large loss.' The individual acknowledges the certainty of B (1500 Euros for sure) and expresses concern about the risk of losing 3000 Euros in lottery A. The individual does not explicitly mention comparing maximum or minimum outcomes numerically, nor does the report reference the 3000 vs. 1500 maximum outcome comparison. Instead, the justification centers on risk aversion and the fear of a large loss. The individual focuses on the downside risk (the possibility of losing 3000 Euros) and prefers the safe outcome, which reflects a concern for the minimum outcome (worst case) rather than the maximum outcome. Thus, the deliberation process emphasizes risk avoidance and emotional response to loss, not a structured comparison of maximum and minimum outcomes as per the decision reason."",
  ""step_3"": ""The decision reason requires a comparison of the maximum outcomes first (A has 3000 > B's 1500), which would make A preferable under the rule. However, the individual does not consider or mention the maximum outcome at all. Instead, the justification focuses solely on avoiding a large loss, which reflects concern for the minimum outcome of A (-3000) and the certainty of B. While the individual does consider the downside risk, the decision reason specifies a rule-based preference based on maximum and then minimum outcomes, not an emotional or risk-averse preference. Since the individual does not apply the rule (i.e., does not compare maximum outcomes or reference the more favorable maximum outcome), and instead justifies the choice based on fear of loss rather than the formal comparison of outcomes, the decision reason was not used. The individual’s reasoning is consistent with risk aversion, not with the stated rule of the decision reason. Therefore, the reason was not used."",
  ""final_assessment_score"": 0
}"
18,"{
  ""step_1"": ""The decision reason evaluates lotteries based on their maximum and minimum outcomes. For Lottery A, the outcomes are +3000 Euros and -3000 Euros, so the maximum outcome is 3000 Euros and the minimum is -3000 Euros. For Lottery B, the outcome is 2000 Euros with 100% probability, so the maximum and minimum are both 2000 Euros. The reason prefers the lottery with the more favorable maximum outcome; if those are equal, it prefers the one with the more favorable minimum outcome. Here, A has a higher maximum (3000 > 2000), so according to the reason, A should be preferred. However, the reason does not explicitly state that the maximum outcome is the primary criterion — it says 'differences between outcomes are considered important' and compares both max and min when necessary. Thus, the reason is directly applicable to this decision problem."",
  ""step_2"": ""The individual states: 'Ich wähle lieber den sicheren Gewinn, als das Risiko einen hohen Verlust zu erzielen, auch wenn der Gewinn in Lotterie A höher wäre.' This translates to: 'I prefer the certain win over the risk of incurring a large loss, even though the win in Lottery A is higher.' The individual acknowledges that Lottery A has a higher potential gain (3000 Euros), but explicitly chooses Lottery B (the certain 2000 Euros) because it avoids the risk of losing 3000 Euros. The individual focuses on the risk of loss and the preference for certainty, not on comparing the maximum or minimum outcomes as per the reason. There is no mention of evaluating the maximum outcome (3000 vs. 2000) or the minimum outcome (-3000 vs. 2000). The justification is based on risk aversion and avoiding loss, not on the structured comparison of max and min outcomes as specified in the decision reason."",
  ""step_3"": ""The decision reason requires evaluating the maximum and minimum outcomes and preferring the lottery with the more favorable maximum (or, if equal, the more favorable minimum). In this case, A has a higher maximum (3000 > 2000), so according to the reason, A should be preferred. However, the individual does not consider or reference the maximum or minimum outcomes in their justification. Instead, they focus on the risk of loss and the preference for a certain outcome. Therefore, the individual did not apply the decision reason's rule — they used a different reasoning (risk aversion or loss avoidance), not a comparison of outcomes' extremes. The information considered by the individual (risk of loss, certainty) is not aligned with the reason's criteria (maximum and minimum outcomes). Thus, the decision reason was not used."",
  ""final_assessment_score"": 0
}"
19,"{
  ""step_1"": ""The decision reason evaluates lotteries based on their maximum and minimum outcomes. Lottery A has a single outcome of 1000 Euros (maximum and minimum are both 1000). Lottery B has outcomes of 3000 Euros (50% chance) and -3000 Euros (50% chance), so its maximum outcome is 3000 Euros and its minimum outcome is -3000 Euros. The reason prefers the lottery with the more favorable maximum outcome; if those are equal, it then considers the more favorable minimum outcome. Here, A has a maximum of 1000 and B has a maximum of 3000, so B has a more favorable maximum outcome. However, the reason specifies that if maximum outcomes are identical, then minimum outcomes are compared. Since the maximum outcomes are not identical (3000 vs. 1000), the reason would prefer B due to its higher maximum outcome. Thus, the decision reason can be applied to this problem and clearly points to preferring Lottery B over A based on maximum outcome. However, the individual in the report chooses A, which contradicts the reason's preference for B. The information is present and relevant to the decision reason."",
  ""step_2"": ""The individual states that they prefer the security of a guaranteed win over the risk of loss. They note that in Lottery B, there is a higher chance of losing (3000 Euros loss) compared to winning (3000 Euros gain), implying a concern for downside risk. The individual justifies the choice of Lottery A by emphasizing the certainty of a 1000 Euro gain versus the risk of losing 3000 Euros in Lottery B. The deliberation centers on risk aversion and the preference for a certain outcome over a risky one with potential for large losses. No mention is made of comparing maximum or minimum outcomes directly, nor is there any reference to the maximum outcome of 3000 Euros in B being more favorable. Instead, the focus is on the potential loss and the certainty of gain in A. Thus, the individual's justification is based on risk aversion and certainty, not on the maximum or minimum outcome comparison as specified in the decision reason."",
  ""step_3"": ""The information relevant to the decision reason — specifically, the comparison of maximum and minimum outcomes — is not considered by the individual. The individual does not mention the maximum outcome of 3000 Euros in B or evaluate it against A's 1000 Euros. Instead, they focus on the risk of loss in B and the certainty of gain in A, which reflects a risk-averse preference but not the specific rule of preferring the lottery with the more favorable maximum outcome (or minimum if maximums are equal). The decision reason requires a comparison of outcomes based on max and min, which is absent from the report. The individual’s justification is based on risk aversion, not on the outcome-based rule described in the decision reason. Therefore, the decision reason was not used in the deliberation process. The individual did not apply the rule of comparing maximum and minimum outcomes to make the choice. Thus, the decision reason was not used."",
  ""final_assessment_score"": 0
}"
20,"{
  ""step_1"": ""The decision reason evaluates lotteries based on their maximum and minimum outcomes. Lottery A has a maximum outcome of 6000 Euros and a minimum outcome of -6000 Euros. Lottery B has a maximum and minimum outcome of 0 Euros. The reason prefers the lottery with the more favorable maximum outcome; if those are equal, it then considers the more favorable minimum outcome. Here, A has a higher maximum outcome (6000 vs. 0), so according to the reason, A should be preferred. The relevant information (outcomes and their extremes) is clearly present and derivable from the lotteries. Thus, the decision reason can be applied to this decision problem."",
  ""step_2"": ""The individual states they chose Lottery A because Lottery B offers no chance of winning. They emphasize that in Lottery A, there is a 50% chance to win or lose, which they see as a form of risk. They also mention a hypothetical scenario: if they already had a winning capital and had to use it as a stake in a new lottery, they would prefer Lottery B. But in this case, without prior winnings, they prefer the risk of Lottery A because they see a chance to win. The individual does not explicitly compare the maximum or minimum outcomes numerically. Instead, they focus on the presence or absence of a chance to win and frame the decision in terms of risk-taking and opportunity to achieve a positive outcome. The justification centers on risk preference and the opportunity to win, not on comparing the maximum or minimum outcomes as defined by the decision reason."",
  ""step_3"": ""The decision reason requires comparing the maximum and minimum outcomes: it prioritizes the lottery with the more favorable maximum outcome (6000 vs. 0), and if tied, the more favorable minimum (i.e., less negative). The individual does not explicitly reference these outcome extremes or compare them in a way that aligns with the rule. Instead, their reasoning is based on the presence of a chance to win and a risk-taking attitude, especially in the absence of prior gains. While the individual acknowledges the potential for a positive outcome in A, they do not invoke or apply the rule about maximum or minimum outcomes. Therefore, the decision reason was not used in the deliberation process. The justification is conceptually related to risk, but it does not follow the specific rule of the decision reason. Thus, the individual did not use the decision reason."",
  ""final_assessment_score"": 0
}"
