higher minimum probability
"STEPS: 
Step 1: The decision reason focuses on the minimum probability of the outcomes for each lottery. For Lottery A, the minimum probability is the probability associated with the outcome of 0 Euros, which is 1%. For Lottery B, since there is only one outcome (2400 Euros), the minimum probability is 100%. Therefore, the relevant probabilities are:
- Lottery A: Minimum probability = 1%
- Lottery B: Minimum probability = 100%

Step 2: According to the decision reason, it prefers the lottery with the higher value of minimum probability. In this case, Lottery B has a higher minimum probability (100%) compared to Lottery A (1%). Thus, the decision reason prefers Lottery B.

FINAL ANSWER: B"
"STEPS: 
1. Assess the relevant information: 
   - Lottery A has a minimum probability of receiving 0 Euros at 67%.
   - Lottery B also has a minimum probability of receiving 0 Euros at 66%.
   
   The minimum probabilities for both lotteries are:
   - Lottery A: 67%
   - Lottery B: 66%

2. Apply the decision reason: 
   The decision reason prefers the lottery with the higher value of minimum probability. Since Lottery A has a minimum probability of 67%, which is greater than Lottery B's 66%, Lottery A is preferred.

FINAL ANSWER: A"
"STEPS: 
Step 1: For Lottery A, the minimum probability is the probability of receiving 0 Euros, which is 20%. For Lottery B, the minimum probability is the probability of receiving 3000 Euros, which is 100%. Since the relevant information about the lotteries has been derived, I will proceed to Step 2.

Step 2: According to the decision reason, I must compare the minimum probabilities of the two lotteries. Lottery A has a minimum probability of 20%, and Lottery B has a minimum probability of 100%. Since 100% (Lottery B) is greater than 20% (Lottery A), the decision reason prefers Lottery B.

FINAL ANSWER: B"
"STEPS: 
Step 1: Identify the minimum probabilities of outcomes for each lottery. For Lottery A, the minimum probability is 80% (0 Euros outcome), and for Lottery B, the minimum probability is 75% (0 Euros outcome). The decision reason can be applied as we can derive the minimum probabilities from the lotteries' outcomes.

Step 2: Compare the minimum probabilities. Lottery A has a minimum probability of 80%, while Lottery B has a minimum probability of 75%. Since 80% is greater than 75%, the decision reason prefers Lottery A over Lottery B.

FINAL ANSWER: A"
"STEPS:
Step 1: Evaluate the minimum probabilities for each lottery. For Lottery A, the minimum probability is 55% (for the outcome of 0 Euros). For Lottery B, the minimum probability is 10% (for the outcome of 0 Euros). The relevant information derived from the lotteries is as follows: 
- Lottery A: Minimum probability is 55%
- Lottery B: Minimum probability is 10%

Step 2: Apply the decision reason. The decision reason prefers the lottery with the higher minimum probability. Since 55% (Lottery A) is greater than 10% (Lottery B), the decision reason prefers Lottery A.

FINAL ANSWER: A"
"STEPS: 
1. Assess the lotteries: For Lottery A, the minimum probability (of winning at least some amount) is 0.1% (winning 6000 Euros). For Lottery B, the minimum probability (of winning at least some amount) is 0.2% (winning 3000 Euros).
2. Compare the minimum probabilities: Lottery B has a minimum probability of 0.2%, which is higher than Lottery A's minimum probability of 0.1%. 
3. Apply the decision reason: Since the decision reason prefers the lottery with the higher value of minimum probability, it will prefer Lottery B over Lottery A.

FINAL ANSWER: B"
"STEPS: 
Step 1: Assess the relevant information about the lotteries. For Lottery A, the minimum outcome occurs with an 80% probability (i.e., -4000 Euros with 80% probability). For Lottery B, the outcome of -3000 Euros occurs with a 100% probability. The decision reason focuses solely on the minimum probabilities of each lottery. This information can be clearly derived, so we proceed to Step 2 without being indifferent.

Step 2: Apply the decision reason. The minimum probability for Lottery A is 80% and for Lottery B is 100%. Since the minimum probability of Lottery B (100%) is higher than that of Lottery A (80%), according to the decision reason, Lottery B is preferred.

FINAL ANSWER: B"
"STEPS: 
Step 1: Assessing the decision reason in strict terms: The decision reason focuses on the minimum probability of each lottery. For Lottery A, the minimum probability is 20% (for the outcome of -4000 Euros). For Lottery B, the minimum probability is 25% (for the outcome of -3000 Euros). Since we have derived relevant information in the form of minimum probabilities from both lotteries, we can proceed to Step 2.

Step 2: Applying the decision reason: Comparing the minimum probabilities, Lottery A has a minimum probability of 20% while Lottery B has a minimum probability of 25%. Since Lottery B has a higher value of minimum probability, according to the decision reason, Lottery B is preferred.

FINAL ANSWER: B"
"STEPS: 
Step 1: Assess the minimum probabilities of each lottery. 
For Lottery A, the minimum probability is 45% (for -6000 Euros). 
For Lottery B, the minimum probability is 90% (for -3000 Euros). 
Since the relevant information can be derived and compared directly, I can proceed to Step 2.

Step 2: Apply the decision reason to the decision problem. 
The decision reason prefers the lottery with the higher value of minimum probability. 
Comparing the minimum probabilities, 90% (Lottery B) is greater than 45% (Lottery A). 
Thus, according to the decision reason, Lottery B is preferred.

FINAL ANSWER: B"
"STEPS: 
1. Assess the minimum probabilities for each lottery. 
   - Lottery A has a minimum probability of 0.1% (for -6000 Euros).
   - Lottery B has a minimum probability of 0.2% (for -3000 Euros).
  
2. Compare the minimum probabilities of both lotteries. 
   - Lottery A has a minimum probability of 0.1%, while Lottery B has a minimum probability of 0.2%.

3. Apply the decision reason’s rule: since Lottery B has a higher value of minimum probability compared to Lottery A, the decision reason prefers Lottery B.

FINAL ANSWER: B"
"STEPS: 
Step 1: Assessing the minimum probability of each lottery:
- Lottery A offers 1000 Euros with a 50% probability and 0 Euros with a 50% probability. The minimum probability (the probability associated with the least favorable outcome, which is 0 Euros) is 50%.
- Lottery B offers 500 Euros with a 100% probability. Since there is only one outcome, the minimum probability here is 100%.

The relevant information is:
- Minimum probability of Lottery A: 50%
- Minimum probability of Lottery B: 100%

Step 2: Applying the decision reason:
The decision reason states that it prefers the lottery with the higher value of the minimum probability. Comparing the minimum probabilities:
- Lottery A: 50%
- Lottery B: 100%

Since 100% (Lottery B) is greater than 50% (Lottery A), the decision reason prefers Lottery B.

FINAL ANSWER: B"
"STEPS: 
Step 1: Assess the minimum probability for each lottery.
- For Lottery A: The outcomes are -1000 Euros (50% probability) and 0 Euros (50% probability). The minimum probability here is 50%.
- For Lottery B: The outcome is -500 Euros with a 100% probability. The minimum probability here is 100%.

Step 2: Compare the minimum probabilities of both lotteries.
- Lottery A has a minimum probability of 50%. 
- Lottery B has a minimum probability of 100%. 

Since 100% (Lottery B) is greater than 50% (Lottery A), according to the decision reason, we prefer Lottery B.

FINAL ANSWER: B"
"STEPS: 
1. Assess the lotteries for their minimum probabilities.
   - Lottery A has two outcomes: 6000 Euros with a 25% probability and 0 Euros with a 75% probability. The minimum outcome (0 Euros) has a probability of 75%.
   - Lottery B has three outcomes: 4000 Euros with a 25% probability, 2000 Euros with a 25% probability, and 0 Euros with a 50% probability. The minimum outcome (0 Euros) has a probability of 50%.

2. Compare the minimum probabilities:
   - Minimum probability of Lottery A: 75%
   - Minimum probability of Lottery B: 50%

3. According to the decision reason, it prefers the lottery with the higher value of minimum probability. Since 75% (Lottery A) is greater than 50% (Lottery B), the decision reason prefers Lottery A over Lottery B.

FINAL ANSWER: A"
"STEPS: 
1. Assess the minimum probabilities for each lottery. For Lottery A, the worst-case outcome is -6000 Euros with a probability of 25%. For Lottery B, the worst-case outcome is -4000 Euros and occurs with a probability of 25%. Therefore, the minimum probability for both lotteries is 25%.
2. The decision reason states a preference for the lottery with the higher value of minimum probability. Since both lotteries have the same minimum probability of 25%, the decision reason finds them equally preferable.

FINAL ANSWER: INDIFFERENT"
"STEPS: 
Step 1: Assess the minimum probability of each lottery. 
- For Lottery A, the minimum probability is 0.1% (the probability of winning 5000 Euros).
- For Lottery B, the minimum probability is 100% (the probability of winning 5 Euros).
Since the minimum probabilities can be derived from the lotteries, I can continue to the next step.

Step 2: Apply the decision reason's rule, which prefers the lottery with the higher minimum probability.
- Lottery A has a minimum probability of 0.1%.
- Lottery B has a minimum probability of 100%.
Since 100% (Lottery B) is greater than 0.1% (Lottery A), the decision reason prefers Lottery B.

FINAL ANSWER: B"
"STEPS: 
Step 1: Assess the minimum probability of each lottery. Lottery A has a minimum probability of 0.1% (0.001) since it has a non-zero probability of winning -5000 Euros, while Lottery B has a minimum probability of 100% (1.0) since it guarantees -5 Euros. Since we can derive this relevant information, we will proceed to Step 2.

Step 2: Apply the decision reason. The decision reason prefers the lottery with the higher minimum probability. Comparing the minimum probabilities: 0.1% for Lottery A (0.001) and 100% for Lottery B (1.0). Since 1.0 is greater than 0.001, the decision reason prefers Lottery B.

FINAL ANSWER: B"
"STEPS: 
Step 1: Assess the minimum probabilities for both lotteries. 
- For Lottery A, the outcomes are 3000 Euros with 50% probability and -3000 Euros with 50% probability. The minimum outcome is -3000 Euros with a 50% probability. 
- For Lottery B, the outcome is 1500 Euros with 100% probability. The minimum outcome is 1500 Euros with a 100% probability.

Summarizing the relevant information:
Lottery A's minimum probability associated with its lowest outcome (-3000 Euros) is 50%.
Lottery B's minimum probability associated with its lowest outcome (1500 Euros) is 100%.

Step 2: Apply the decision reason. The decision reason states to prefer the lottery with the higher value of minimum probability. 
Here, 50% (Lottery A) is less than 100% (Lottery B).

FINAL ANSWER: B"
"STEPS: 
Step 1: Assess the lotteries' outcomes and probabilities.
- Lottery A has outcomes of 3000 Euros (50% probability) and -3000 Euros (50% probability). The relevant minimum probability here is 50%.
- Lottery B offers 2000 Euros with a 100% probability. The minimum probability for this lottery is 100%.
Since we have identified the minimum probabilities for both lotteries, we can proceed to Step 2.

Step 2: Apply the decision reason.
- The decision reason prefers the lottery with the higher value of minimum probability. Here, Lottery A has a minimum probability of 50% while Lottery B has a minimum probability of 100%.
- Since 100% (Lottery B) is greater than 50% (Lottery A), according to the decision reason, Lottery B is preferred.

FINAL ANSWER: B"
"STEPS: 
Step 1: Evaluate the lotteries' outcomes and probabilities. 
- For Lottery A, the outcomes are 3000 Euros (50% probability) and -3000 Euros (50% probability). The minimum probability of receiving -3000 Euros is 50%.
- For Lottery B, the outcome is 1000 Euros with a probability of 100%. The minimum probability is 100%.

Since we can derive the relevant information (minimum probabilities) from the lotteries' outcomes and probabilities, we proceed to Step 2.

Step 2: Apply the decision reason to the decision problem.
- Lottery A has a minimum probability of 50%.
- Lottery B has a minimum probability of 100%.

The decision reason prefers the lottery with the higher value of minimum probability. Since 100% (Lottery B) is greater than 50% (Lottery A), the reason prefers Lottery B.

FINAL ANSWER: B"
"STEPS: 
Step 1: First, we identify the minimum probability for each lottery. 
- For Lottery A, there are two outcomes: 6000 Euros (50% probability) and -6000 Euros (50% probability). The lowest probability in this case is 50%.
- For Lottery B, there is only one outcome: 0 Euros (100% probability). The minimum probability for Lottery B is 100%.

Now we compare the minimum probabilities of both lotteries:
- Lottery A: Minimum probability = 50%
- Lottery B: Minimum probability = 100%

Since the relevant information can be derived, we proceed to Step 2.

Step 2: According to the decision reason, we compare the minimum probabilities of both lotteries. Lottery B has a higher minimum probability (100%) than Lottery A (50%). Thus, the decision reason prefers Lottery B.

FINAL ANSWER: B"
