problemID,response
1,"{
  ""step_1"": ""The decision reason can be applied to the decision problem. The relevant information for the decision reason includes the outcomes of each lottery and their probabilities. For Lottery A, the maximum loss is 2500 Euros (if the 0 Euro outcome occurs), but since the 0 Euro outcome has a very low probability (1%), the effective consideration might focus on the difference between the higher and lower outcomes. For Lottery B, there is no loss since the outcome is fixed at 2400 Euros. Thus, the maximum loss for Lottery B is 0 Euros, as there is no chance of receiving less than 2400 Euros."",
  ""step_2"": ""The verbal report mentions a 'sehr geringe Wahrscheinlichkeit nichts zu gewinnen,' which translates to 'very low probability of winning nothing.' This indicates the individual considered the low probability of not winning anything (receiving 0 Euros) in Lottery A. The individual’s justification for the choice is not explicitly stated in terms of preferring one lottery over the other based on the maximum loss, but the focus is on the aspect of not winning, which could relate to the concept of losses."",
  ""step_3"": ""Comparing the information relevant to the decision reason (maximum loss in each lottery) with that considered by the individual (low probability of winning nothing), there seems to be a connection since the individual is aware of the potential for not winning in Lottery A. However, the decision reason specifically prefers the lottery with the more favorable maximum loss, and Lottery B has no loss. The individual’s justification does not clearly state a preference based on the maximum loss but highlights awareness of the risk of not winning. Given this, it's uncertain whether the decision reason was directly used, as the report does not explicitly mention comparing maximum losses between the two lotteries or preferring one over the other based on this criterion."",
  ""final_assessment_score"": 50
}"
2,"{
  ""step_1"": ""The decision reason can be applied to the decision problem. The relevant information for the decision reason is the maximum loss for each lottery. For Lottery A, the maximum loss is 0 Euros (since the minimum outcome is 0 Euros), and for Lottery B, the maximum loss is also 0 Euros (since the minimum outcome is 0 Euros). This information can be derived from the lotteries' outcomes."",
  ""step_2"": ""The verbal report states that the lotteries seem too similar, and the choice was made based on intuition ('nach Gefühl gewählt'). The individual does not explicitly mention considering the losses or the maximum loss of each lottery. The justification for the choice is based on a feeling rather than a specific deliberation about the losses or outcomes."",
  ""step_3"": ""Comparing the information relevant to the decision reason (maximum loss) with that considered by the individual (similarity of the lotteries and intuition), there is no direct match. The decision reason's rule (preferring the lottery with the more favorable maximum loss) does not align with the individual's justification for the choice (intuition due to similarity). Based on these comparisons, it seems unlikely that the individual used the decision reason to make the decision."",
  ""final_assessment_score"": 0
}"
3,"{
  ""step_1"": ""The decision reason can be applied to the decision problem. The relevant information for the decision reason includes the outcomes of each lottery. For Lottery A, the maximum loss is 4000 Euros (the potential loss when the 80% chance of winning does not occur, implying a loss of the potential gain), but since the context of loss is more about what is lost when an outcome does not happen as expected, we should consider the loss in terms of what is at stake. In this case, the maximum loss in Lottery A is actually the difference between what could be won and what is received when the loss occurs, which is 4000 Euros. For Lottery B, there is no loss since it offers a 100% chance of winning 3000 Euros. Thus, the decision reason would prefer Lottery B because it has a more favorable maximum loss (no loss)."",
  ""step_2"": ""The verbal report considers the high probability of winning in Lottery A but also notes the guaranteed high amount in Lottery B. The individual mentions that for lower amounts, they would have preferred Lottery A, but given the high, guaranteed amount of 3000 Euros in Lottery B, they chose B. The justification for the choice seems to focus on the guarantee of the amount in Lottery B, rather than directly on the concept of loss aversion or maximum loss as defined by the decision reason."",
  ""step_3"": ""Comparing the information relevant to the decision reason (maximum loss) with that considered by the individual (guaranteed amount and probability of winning), there seems to be a partial alignment in that both consider the attractiveness of Lottery B, but for different reasons. The decision reason prefers Lottery B due to its more favorable maximum loss (no loss), while the individual prefers it due to the guarantee of a high amount. The individual’s justification does not explicitly mention the concept of loss or the decision reason’s rule of preferring the lottery with the more favorable maximum loss. Therefore, while there is some alignment in the choice, the reasoning process described does not directly match the decision reason."",
  ""final_assessment_score"": 20
}"
4,"{
  ""step_1"": ""The decision reason can be applied to the decision problem. The relevant information for the decision reason is the maximum loss for each lottery. For Lottery A, the maximum loss is 0 - 3000 = -3000 Euros (or simply 3000 Euros, since we're considering the magnitude of the loss), but since the loss is actually 0 Euros with 75% probability and the gain is 3000 Euros with 25% probability, the maximum loss in the context of potential loss from an initial state of having the money is not directly applicable as the reason describes. However, interpreting the reason as focusing on the 'more favorable maximum loss' implies looking at the potential downside or the loss aspect in a broader sense. For Lottery B, similarly, the maximum loss is 0 - 4000 = -4000 Euros (or 4000 Euros in terms of magnitude). Thus, the relevant information is that Lottery A has a 'maximum loss' of 3000 Euros and Lottery B has a 'maximum loss' of 4000 Euros. The decision reason prefers Lottery A because it has the more favorable maximum loss (less magnitude of loss)."",
  ""step_2"": ""The verbal report considers the difference in potential gain between the two lotteries, noting that one lottery offers a higher gain but with a certain percentage less chance of winning. The individual justifies their choice by stating the risk is worth it for the potential higher gain. The report does not explicitly mention the concept of loss or the comparison of maximum losses between the two lotteries. Instead, it focuses on the potential gain and the risk associated with it."",
  ""step_3"": ""Comparing the information relevant to the decision reason (maximum losses of the lotteries) with that considered by the individual (difference in gains and risk), there is a discrepancy. The decision reason prioritizes the avoidance of the larger loss, while the individual's justification is based on the potential for a higher gain and the associated risk. The decision reason's rule (preferring the lottery with the more favorable maximum loss) does not align with the individual's justification for the choice (the risk is worth it for the higher potential gain). Therefore, based on these comparisons, it appears the individual did not use the decision reason to make the decision."",
  ""final_assessment_score"": 0
}"
5,"{
  ""step_1"": ""The decision reason can be applied to the decision problem. The relevant information is the maximum loss for each lottery. For Lottery A, the maximum loss is 6000 Euros (if the 6000 Euros outcome does not occur, resulting in a loss of the potential 6000 Euros), but since the outcome is actually 0 Euros in 55% of the cases, the loss is effectively 0 Euros when considering the 'loss' as the difference from a reference point of 0 Euros. For Lottery B, the maximum loss is 3000 Euros (for the same reasoning). However, considering the description of the decision reason, it seems to focus on the concept of losses being more important than gains, which might imply looking at the potential downside (0 Euros) rather than the upside. Thus, the information relevant to the decision reason is that both lotteries have a maximum loss of 0 Euros in the context of potential winnings, but in terms of 'maximum loss' as potentially intended by the reason (considering the loss from the perspective of not gaining), Lottery A's maximum 'loss' could be seen as 6000 Euros and Lottery B's as 3000 Euros, suggesting Lottery B has the more favorable 'maximum loss' if we interpret 'loss' as the potential gain not achieved."",
  ""step_2"": ""The verbal report mentions 'Hohe Gewinnwahrscheinlichkeit', which translates to 'high probability of winning'. The individual considered the probability of winning (gaining money) for the lotteries. The justification for the choice is not explicitly stated beyond this consideration of high probability of winning. The described deliberation process focuses on the probability aspect, which is related to the potential for gain rather than the concept of loss or the maximum loss as defined by the decision reason."",
  ""step_3"": ""Comparing the information relevant to the decision reason (maximum loss) with that considered by the individual (probability of winning), there seems to be a mismatch. The decision reason emphasizes the importance of losses (or the concept of not achieving a gain as a form of loss), while the individual's deliberation process, as reported, focuses on the gain aspect (probability of winning). The decision reason's rule prefers the lottery with the more favorable maximum loss, which, based on the potential interpretation of 'loss' as the potential gain not achieved, would suggest Lottery B. However, the individual's justification, as described, does not explicitly address the concept of loss or the comparison of maximum losses between the two lotteries. Therefore, it's uncertain whether the decision reason was used by the individual based on the provided verbal report."",
  ""final_assessment_score"": 50
}"
6,"Here's the assessment:

{
  ""step_1"": ""The decision reason can be applied to the decision problem. The relevant information is the maximum loss for each lottery. For Lottery A, the maximum loss is 0 Euros (since the worst outcome is 0 Euros), and for Lottery B, the maximum loss is also 0 Euros. This information can be derived from the lotteries' outcomes and probabilities."",
  ""step_2"": ""The verbal report considers the low probabilities of both lotteries, implying that the individual acknowledges the uncertainty of the outcomes. The individual mentions taking a higher risk, but does not explicitly discuss the losses or the maximum loss of each lottery. The justification for the choice is not clearly stated, but it seems to focus on the general riskiness of the options rather than the specific losses."",
  ""step_3"": ""Comparing the information relevant to the decision reason (maximum loss) with that considered by the individual (low probabilities and general riskiness), there is a mismatch. The individual does not explicitly consider the maximum loss, which is the key factor in the decision reason. Additionally, the decision reason's rule (preferring the lottery with the more favorable maximum loss) does not align with the individual's justification (taking a higher risk). Based on these comparisons, it is unlikely that the individual used the decision reason to make the decision."",
  ""final_assessment_score"": 0
}"
7,"{
  ""step_1"": ""The decision reason can be applied to the decision problem. The relevant information for the decision reason includes the outcomes of each lottery, specifically the maximum loss for each. For Lottery B, the maximum loss is -4000 Euros, and for Lottery A, the maximum loss is -3000 Euros. This information can be derived from the lotteries' outcomes and probabilities."",
  ""step_2"": ""The verbal report suggests that the individual considered the probability of avoiding a loss and the magnitude of the loss. The individual mentions a 'kleine Wahrscheinlichkeit' (small probability) of avoiding a loss, implying consideration of the 20% chance in Lottery B of not losing anything. The individual also compares the magnitude of the loss, stating that if the loss occurs, 'man nicht wirklich viel mehr als bei A verliert' (one doesn't really lose much more than in A), which indicates a focus on the difference in potential losses between the two lotteries. The justification for the choice seems to involve weighing the potential losses and their probabilities."",
  ""step_3"": ""Comparing the information relevant to the decision reason (maximum losses of -4000 Euros for B and -3000 Euros for A) with that considered by the individual (probability of avoiding a loss and the magnitude of the loss), it appears the individual did consider the aspects relevant to the decision reason. The decision reason's rule prefers the lottery with the more favorable maximum loss, which would be Lottery A with a maximum loss of -3000 Euros. The individual's justification touches on the idea that the loss in B is not significantly worse than in A when it happens, which aligns with considering the magnitude of losses but does not explicitly state a preference based on the maximum loss. However, the focus on the comparative losses suggests some alignment with the decision reason's emphasis on loss magnitude."",
  ""final_assessment_score"": 60
}"
8,"{
  ""step_1"": ""The decision reason can be applied to the decision problem. The relevant information for the decision reason is the maximum loss for each lottery. For Lottery A, the maximum loss is -4000 Euros, and for Lottery B, the maximum loss is -3000 Euros. This information can be derived from the lotteries' outcomes."",
  ""step_2"": ""The verbal report suggests that the individual considered the chances of avoiding a loss. The report mentions 'Leicht bessere Chancen einen Verlust zu vermeiden', which translates to 'slightly better chances of avoiding a loss'. The individual's justification for the choice is not explicitly stated, but it seems to focus on the probability of avoiding a loss rather than the magnitude of the loss itself."",
  ""step_3"": ""Comparing the information relevant to the decision reason (maximum loss for each lottery) with that considered by the individual (chances of avoiding a loss), there is a partial match. The decision reason focuses on the maximum loss, while the individual seems to consider the probability of avoiding any loss. The decision reason's rule prefers the lottery with the more favorable maximum loss, which would be Lottery B with a maximum loss of -3000 Euros. The individual's justification, however, is more aligned with comparing probabilities of avoiding a loss, which does not directly match the decision reason's focus on the magnitude of the maximum loss. Given this, it seems uncertain whether the decision reason was used by the individual."",
  ""final_assessment_score"": 50
}"
9,"{
  ""step_1"": ""The decision reason can be applied to the decision problem. The relevant information is the maximum loss for each lottery. For Lottery A, the maximum loss is -3000 Euros, and for Lottery B, the maximum loss is -6000 Euros. This information can be derived from the lotteries' outcomes."",
  ""step_2"": ""The verbal report suggests that the individual considered the higher loss of Lottery B compared to Lottery A, but also took into account the higher probability of avoiding this loss in Lottery B. The individual's justification for the choice seems to focus on the trade-off between the magnitude of the loss and its probability."",
  ""step_3"": ""Comparing the information relevant to the decision reason (maximum losses) with that considered by the individual, it appears that the individual did consider the losses, which aligns with the decision reason. However, the decision reason specifically prefers the lottery with the more favorable maximum loss, which would be Lottery A with a maximum loss of -3000 Euros. The individual's justification, while mentioning the higher loss of Lottery B, emphasizes the higher probability of avoiding this loss, which does not directly align with the decision reason's rule of simply preferring the more favorable maximum loss. Given this, it seems the individual's decision-making process involved considerations beyond just the maximum loss, making it uncertain whether the decision reason was used."",
  ""final_assessment_score"": 50
}"
10,"{
  ""step_1"": ""The decision reason can be applied to the decision problem. The relevant information for the decision reason is the maximum loss for each lottery. For Lottery A, the maximum loss is -3000 Euros, and for Lottery B, the maximum loss is -6000 Euros. This information can be derived from the lotteries' outcomes."",
  ""step_2"": ""The verbal report mentions that the probability of incurring a loss is low for both lotteries, and the decision was made based on intuition ('nach Gefühl entschieden'). The individual considered the low probability of losses but does not explicitly mention comparing the maximum losses of the two lotteries. The justification for the choice is not clearly stated, beyond it being an intuitive decision."",
  ""step_3"": ""Comparing the information relevant to the decision reason (maximum losses) with that considered by the individual (low probability of losses), there is a mismatch. The decision reason focuses on the magnitude of the maximum loss, which is not explicitly mentioned in the verbal report. The individual's justification for the choice is based on intuition rather than an explicit comparison of the maximum losses. Therefore, it seems unlikely that the decision reason was used to make the decision."",
  ""final_assessment_score"": 20
}"
11,"{
  ""step_1"": ""The decision reason can be applied to the decision problem. The relevant information for the decision reason is the maximum loss for each lottery. For Lottery A, the maximum loss is 0 Euros (since it offers a guaranteed gain of 500 Euros). For Lottery B, the maximum loss is 1000 Euros (the potential loss when the 0 Euros outcome occurs). This information can be derived from the lotteries' outcomes and probabilities."",
  ""step_2"": ""The verbal report indicates that the individual considered the certainty of the gain when making the decision, as stated by 'den sicheren Gewinn' (the safe gain). The individual's justification for the choice is based on the height or amount of the gain ('aufgrund der Höhe'), implying that the certainty and amount of the gain influenced their decision."",
  ""step_3"": ""Comparing the information relevant to the decision reason (maximum loss for each lottery) with that considered by the individual (certainty and amount of the gain), it appears that the individual focused on the gain aspect rather than the loss aspect. The decision reason prioritizes the lottery with the more favorable maximum loss, but the individual's justification does not explicitly mention losses or the comparison of maximum losses between the two lotteries. However, the preference for the 'sicheren Gewinn' (safe gain) of Lottery A indirectly aligns with avoiding the potential loss associated with Lottery B. Given this, it seems the individual's decision process does not directly align with the decision reason's focus on maximum losses but does reflect a concern for security, which could be tangentially related. Therefore, the assessment score should reflect uncertainty rather than certainty that the decision reason was used."",
  ""final_assessment_score"": 20
}"
12,"{
  ""step_1"": ""The decision reason can be applied to the decision problem. The relevant information for the decision reason is the maximum loss for each lottery. For Lottery A, the maximum loss is -1000 Euros, and for Lottery B, the maximum loss is -500 Euros. This information can be derived from the lotteries' outcomes and probabilities."",
  ""step_2"": ""The verbal report is in German and translates to 'Is the risk worth it, since it should also be uninteresting for a player to choose the certain outcome.' The individual seems to consider the risk involved in choosing Lottery A and compares it to the certain outcome of Lottery B. The justification for the choice is not explicitly stated, but the individual appears to be weighing the potential risks and outcomes of each lottery."",
  ""step_3"": ""Comparing the information relevant to the decision reason (maximum losses) to that considered by the individual (risk and certain outcome), it seems that the individual is considering the potential downsides of each lottery, which aligns with the decision reason's focus on losses. However, the individual's justification is not explicitly focused on the maximum loss. Based on this, it is somewhat uncertain whether the individual used the decision reason to make the decision."",
  ""final_assessment_score"": 40
}"
13,"{
  ""step_1"": ""The decision reason can be applied to the decision problem. The relevant information for the decision reason includes the outcomes of each lottery, specifically the maximum loss for each. For Lottery A, the maximum loss is 0 Euros (since the worst outcome is 0 Euros), and for Lottery B, the maximum loss is also 0 Euros (since the worst outcome is 0 Euros). However, considering the context of the decision reason, which prioritizes losses over gains and seeks the more favorable maximum loss, it's clear that both lotteries have the same maximum loss (0 Euros), but the reason might consider the structure of losses and gains indirectly by evaluating the certainty of gaining something."",
  ""step_2"": ""The verbal report suggests the individual considered the aspect of gaining something as a factor in their decision, mentioning that one option seems 'sicherer' (safer) in terms of gaining something at all. The individual's justification focuses on the perceived safety or certainty of gaining a prize, rather than directly comparing the maximum losses or the specific outcomes and their probabilities."",
  ""step_3"": ""Comparing the information relevant to the decision reason (maximum losses and the importance of losses over gains) with what the individual considered (the safety or certainty of gaining something), there seems to be an indirect alignment in the sense that both involve evaluating the lotteries based on aspects of risk or certainty of outcomes. However, the decision reason's rule specifically about preferring the lottery with the more favorable maximum loss does not directly match the individual's justification, which is more about the certainty of gaining something. Given this, it's uncertain whether the individual used the decision reason as described, since their focus was on gaining something rather than directly on the maximum losses."",
  ""final_assessment_score"": 50
}"
14,"## Step 1: Assess if the decision reason can be applied to the decision problem
The decision reason considers the outcomes of each lottery, focusing on losses being more important than gains, and prefers the lottery with the more favorable maximum loss. For Lottery A, the maximum loss is -6000 Euros. For Lottery B, the maximum loss is -4000 Euros. Since both lotteries have losses, the decision reason can be applied by comparing these maximum losses.

## Step 2: Assess the verbal report
The verbal report mentions ""geringere Verlustwahrscheinlichkeit,"" which translates to ""lower loss probability."" This indicates the individual considered the probability of losses when making their decision. The report does not explicitly mention comparing the maximum losses between the two lotteries but focuses on the probability aspect of losses.

## Step 3: Assess whether the decision reason was used by the individual
Comparing the information relevant to the decision reason (maximum losses of -6000 Euros for Lottery A and -4000 Euros for Lottery B) with what the individual considered (probability of losses), there seems to be a partial alignment in that both involve the concept of losses. However, the decision reason specifically looks at the maximum loss, not the probability of loss. The individual's justification for the choice, as described, focuses on the probability of loss rather than the magnitude of the maximum loss. Therefore, while there is some relevance to the concept of losses, the specific rule of the decision reason (preferring the lottery with the more favorable maximum loss) does not directly align with the individual's stated consideration (lower loss probability).

The final answer is: 
{
  ""step_1"": ""The decision reason can be applied by comparing the maximum losses of the two lotteries."",
  ""step_2"": ""The individual considered the probability of losses when making their decision."",
  ""step_3"": ""There is a partial alignment in the concept of losses, but the decision reason's focus on maximum loss does not directly match the individual's focus on loss probability."",
  ""final_assessment_score"": 20
}"
15,"Here's the assessment:

{
  ""step_1"": ""The decision reason can be applied to the decision problem. The relevant information for the decision reason is the maximum loss for each lottery. For Lottery A, the maximum loss is 0 Euros (since the outcome is 5 Euros with 100% probability), and for Lottery B, the maximum loss is 0 Euros as well (since the outcome is either 5000 Euros or 0 Euros, but the loss is considered as the difference from a reference point, which is not explicitly mentioned, but can be assumed to be 0). However, considering the context of the decision reason, it seems to focus on avoiding losses, thus the maximum loss for Lottery B can be considered as the potential to end up with 0 Euros, which is a 'loss' compared to the guaranteed gain of 5 Euros in Lottery A."",
  ""step_2"": ""The verbal report mentions the probability of winning in Lottery B (referred to as Lotterie 2) being almost 0. This indicates the individual considered the probability of the outcome in Lottery B. However, there is no explicit mention of comparing the losses or the maximum loss between the two lotteries. The individual's justification for the choice is not clearly stated in the report."",
  ""step_3"": ""Comparing the information relevant to the decision reason (maximum loss) with that considered by the individual (probability of winning in Lottery B), there seems to be a mismatch. The decision reason focuses on losses, but the verbal report discusses the probability of winning. However, the mention of the low probability of winning in Lottery B could implicitly suggest an awareness of the potential 'loss' (ending up with 0 Euros). The decision reason's rule prefers the lottery with the more favorable maximum loss, which would be Lottery A (since it guarantees a gain and has no risk of 'loss' in the context of ending up with less than the guaranteed amount). Given the limited information in the verbal report, it's difficult to directly link the individual's justification to the decision reason's rule. Therefore, the assessment of whether the decision reason was used is uncertain."",
  ""final_assessment_score"": 50
}"
16,"{
  ""step_1"": ""The decision reason can be applied to the decision problem. The relevant information for the decision reason is the maximum loss for each lottery. For Lottery A, the maximum loss is -5000 Euros, and for Lottery B, the maximum loss is -5 Euros. This information can be derived from the lotteries' outcomes."",
  ""step_2"": ""The verbal report mentions 'geringe Verlustwahrscheinlichkeit', which translates to 'low probability of loss'. The individual considered the probability of loss, but the report does not explicitly mention comparing the maximum losses of the two lotteries. The justification for the choice is not clearly stated, but it seems to focus on the low probability of loss rather than the magnitude of the loss itself."",
  ""step_3"": ""Comparing the information relevant to the decision reason (maximum losses) with that considered by the individual (probability of loss), there is a partial match, as the individual considered the probability of loss, which is related to the decision reason. However, the decision reason's rule (preferring the lottery with the more favorable maximum loss) does not directly align with the individual's justification (focusing on the low probability of loss). Given this, it seems uncertain whether the individual used the decision reason to make the decision."",
  ""final_assessment_score"": 50
}"
17,"{
  ""step_1"": ""The decision reason can be applied to the decision problem. The relevant information for the decision reason includes the outcomes of each lottery, specifically the maximum loss. For Lottery B, the maximum loss is -3000 Euros, and for Lottery A, the maximum loss is 0 Euros (since it's a guaranteed gain of 1500 Euros). This information can be derived from the lotteries' outcomes and probabilities."",
  ""step_2"": ""The verbal report indicates that the individual considered the potential high gain of Lottery B but was deterred by the possibility of a high loss. The individual's justification for choosing Lottery A seems to be the certainty of the outcome, implying a preference for avoiding the risk of a significant loss. The key points from the report are the consideration of the high gain in Lottery B and the decisive factor being the avoidance of a high loss."",
  ""step_3"": ""Comparing the information relevant to the decision reason (maximum loss of each lottery) with that considered by the individual (the possibility of a high loss in Lottery B and the certainty of the outcome in Lottery A), it appears the individual did consider the aspect of loss. The decision reason's rule prefers the lottery with the more favorable maximum loss, which aligns with the individual's justification for choosing Lottery A to avoid a significant loss. Given this alignment, it suggests the individual used a reasoning process similar to the decision reason."",
  ""final_assessment_score"": 80
}"
18,"{
  ""step_1"": ""The decision reason can be applied to the decision problem. The relevant information for the decision reason includes the outcomes of each lottery, specifically the potential losses. For Lottery A, the maximum loss is -3000 Euros, and for Lottery B, there is no loss since it offers a guaranteed gain of 2000 Euros. This information can be derived from the lotteries' outcomes and probabilities."",
  ""step_2"": ""The verbal report considers the risk of loss versus gain in Lottery A and compares it to the guaranteed gain in Lottery B. The individual seems to weigh the potential downside of Lottery A against the certainty of a positive outcome in Lottery B. The justification for the choice appears to involve a comparison of the potential losses and the certainty of a gain, with a mention that the risk associated with Lottery A looks bad when compared to a high, certain gain."",
  ""step_3"": ""Comparing the information relevant to the decision reason (potential losses in each lottery) with that considered by the individual (risk of loss in Lottery A versus guaranteed gain in Lottery B), there is a match in the focus on potential losses. The decision reason's rule (preferring the lottery with the more favorable maximum loss) aligns with the individual's concern about the downside risk of Lottery A when compared to the certainty of Lottery B. However, the verbal report does not explicitly state that losses are considered more important than gains, which is a key component of the decision reason. Given this, while there is some alignment, it is not a perfect match."",
  ""final_assessment_score"": 60
}"
19,"{
  ""step_1"": ""The decision reason can be applied to the decision problem. The relevant information for the decision reason includes the outcomes of each lottery, specifically the potential losses. For Lottery A, the maximum loss is -3000 Euros, and for Lottery B, there is no loss since it offers a guaranteed gain of 1000 Euros. This information can be derived from the lotteries' outcomes and probabilities."",
  ""step_2"": ""The verbal report suggests that the individual considered the risk associated with Lottery A and compared it to the certain gain of Lottery B. The individual mentions that the certain gain at B is so small that they would gladly accept the risk of A. This implies that the individual weighed the potential risks and rewards of each lottery, focusing on the concept of risk and the attractiveness of the guaranteed outcome of Lottery B."",
  ""step_3"": ""Comparing the information relevant to the decision reason (the maximum loss of each lottery) with that considered by the individual (the risk of Lottery A versus the certain gain of Lottery B), it appears that the individual did consider the aspect of risk, which is related to the concept of losses. However, the decision reason specifically prefers the lottery with the more favorable maximum loss, which would be Lottery B since it has no loss. The individual's justification for choosing Lottery A (despite its risk) because the certain gain of B is too small does not directly align with the decision reason's rule of prioritizing the lottery with the more favorable maximum loss. Therefore, while the individual considered risk, their justification does not strictly follow the decision reason's criteria."",
  ""final_assessment_score"": 20
}"
20,"{
  ""step_1"": ""The decision reason can be applied to the decision problem. The relevant information for the decision reason includes the outcomes of each lottery, specifically the potential losses. For Lottery A, the maximum loss is -6000 Euros, and for Lottery B, the maximum loss is 0 Euros. This information can be derived from the lotteries' outcomes and probabilities."",
  ""step_2"": ""The verbal report mentions 'ZU großes Verlustrisiko bei A', which translates to 'too high loss risk at A'. This indicates that the individual considered the potential loss associated with Lottery A. The individual’s justification for the choice is not explicitly stated, but the focus on the loss risk suggests that the potential loss played a role in their deliberation process."",
  ""step_3"": ""Comparing the information relevant to the decision reason with that considered by the individual, we see that both focus on the potential losses of the lotteries. The decision reason prefers the lottery with the more favorable maximum loss, which in this case is Lottery B with a maximum loss of 0 Euros. The individual's mention of 'too high loss risk at A' implies that they also considered the losses and found Lottery A's risk to be too high, aligning with the decision reason's rule. Based on these comparisons, it appears that the individual used a similar logic to the decision reason to make their decision."",
  ""final_assessment_score"": 100
}"
