problemID,response
1,"{
  ""step_1"": ""The decision reason focuses on the least probable outcome in each lottery—the outcome with the minimum probability—and compares the favorability (monetary value) of that outcome across the two lotteries. For Lottery A, the only outcome is 2400 Euros with 100% probability, so the least probable outcome is 2400 Euros (probability 1.0), which is not the minimum in the usual sense. However, since all probability mass is on this single outcome, it can be interpreted that the 'least probable' outcome is still 2400 Euros. For Lottery B, the outcomes are: 2500 Euros (33%), 2400 Euros (66%), and 0 Euros (1%). The least probable outcome is 0 Euros (1% probability). The decision reason compares the most favorable outcome with the lowest probability in each lottery. In Lottery A, the outcome with the lowest probability (1.0) is 2400 Euros. In Lottery B, the outcome with the lowest probability (1%) is 0 Euros. Since 2400 Euros > 0 Euros, the reason would prefer Lottery A because it has a more favorable least probable outcome. The reason is applicable to this decision problem because the relevant outcomes and probabilities are clearly defined and can be extracted from the lotteries."",
  ""step_2"": ""The individual considers the risk involved in choosing Lottery B versus Lottery A. They mention that they would not take the higher risk of Lottery B for just an additional 100 Euros (implying that Lottery B offers 2500 Euros with 33% chance, which is 100 Euros more than the certain 2400 Euros in Lottery A). The individual emphasizes their aversion to risk, particularly the risk of getting 0 Euros (which occurs with 1% probability in Lottery B). The justification centers on avoiding the possibility of losing everything (0 Euros) even if the probability is low, and being unwilling to accept that risk for a small gain. The individual does not mention the 2500 Euros outcome explicitly, but their concern about the 'higher risk' and the '1% chance of 0' suggests that they are focusing on the worst-case outcome in Lottery B. The deliberation process involves evaluating the risk of the low-probability, unfavorable outcome (0 Euros) and rejecting Lottery B due to this risk."",
  ""step_3"": ""The decision reason requires comparing the most favorable outcome with the lowest probability in each lottery. In Lottery A, the lowest probability outcome is 2400 Euros (100% probability), and in Lottery B, it is 0 Euros (1% probability). The reason prefers the lottery with the more favorable least probable outcome—here, 2400 > 0, so it prefers Lottery A. The individual’s justification focuses on avoiding the 1% chance of getting 0 Euros (the worst outcome in B) and being unwilling to take that risk for a small gain. This aligns with the decision reason: the individual is concerned about the outcome with the lowest probability (0 Euros in B) and compares it to the certain 2400 Euros in A. Their reasoning is based on the unfavorable nature of the least probable outcome in B and the relative favorability of the outcome in A (even though it’s certain). The individual’s deliberation matches both the information considered (the low-probability outcome in B and the certain outcome in A) and the justification rule (avoiding a worse low-probability outcome). Therefore, the decision reason was used by the individual."",
  ""final_assessment_score"": 95
}"
2,"{
  ""step_1"": ""The decision reason focuses on the least probable outcomes—specifically, the most favorable outcome with the minimum probability in each lottery. For Lottery A: the most favorable outcome is 2400 Euros with a probability of 34%, so the minimum probability is 34%. For Lottery B: the most favorable outcome is 2500 Euros with a probability of 33%, so the minimum probability is 33%. The reason compares the 'least probable' (i.e., lowest probability) favorable outcomes: 34% (A) vs. 33% (B). Since 33% < 34%, Lottery B has the lower probability for its most favorable outcome. The reason prefers the lottery with the more favorable least probable outcome, meaning it compares the outcomes (2400 vs. 2500) at their respective minimum probabilities. The reason would prefer Lottery B because 2500 Euros (higher amount) occurs at a lower probability (33%) than 2400 Euros (lower amount) at 34%. Thus, the reason applies to this decision problem: it evaluates the most favorable outcome at its minimum probability and compares both lotteries based on the favorability (amount) of that outcome when it occurs with the lowest probability."",
  ""step_2"": ""The individual considers two aspects: (1) the probability of receiving 0 Euros: in Lottery A it is 66%, in Lottery B it is 67%—a 1% higher chance of getting 0 in B. (2) The probability of getting 100 Euros more (i.e., 2500 vs. 2400): this occurs in Lottery B with 33% vs. 34% in A—so a 1% higher chance of getting the higher amount in A. The individual notes that the risk of getting 0 is only 1% higher in B, but the chance of getting 100 Euros more is 1% higher in A. This suggests a trade-off: a slightly higher risk of zero, but a slightly better chance at the higher payoff. The individual's justification appears to center on the relative differences in probabilities between the two lotteries, particularly the 1% difference in the chance of getting the higher amount (2500 vs. 2400) and the 1% difference in the chance of getting zero. The individual does not explicitly mention the minimum probability of the most favorable outcome or compare the favorable outcomes at their minimum probabilities."",
  ""step_3"": ""First, comparing the information considered: The decision reason focuses on the minimum probability of the most favorable outcome (33% for B, 34% for A) and compares the favorability (amount) of that outcome. The individual, however, focuses on the probability of the worst outcome (0 Euros) and the difference in the chance of getting the higher amount (2500 vs. 2400), which corresponds to a 1% higher chance in A. The individual does not mention or evaluate the minimum probability of the favorable outcome or the comparison of the favorable outcomes at their minimum probabilities. Second, comparing the rule: the reason prefers the lottery with the more favorable least probable outcome—i.e., the higher amount occurring at the lower probability. In this case, B has 2500 at 33%, A has 2400 at 34%. Since 2500 > 2400 and 33% < 34%, B is preferred under this rule. However, the individual’s justification does not reflect this logic. Instead, they weigh the risk of 0 (67% vs. 66%) and the chance of getting 100 more (34% vs. 33%), concluding that the 1% higher chance of the higher amount in A is a key factor. This suggests the individual is comparing the probabilities of the favorable outcomes (34% vs. 33%) directly, not the minimum probabilities or the trade-off between amount and probability at the minimum. Therefore, the individual’s reasoning does not align with the decision reason’s rule. The decision reason was not used."",
  ""final_assessment_score"": 0
}"
3,"{
  ""step_1"": ""The decision reason focuses on the least probable outcomes (i.e., the outcomes with the minimum probability) in each lottery and compares their favorability. For Lottery A, the only outcome is 3000 Euros with 100% probability, so the least probable outcome is 3000 Euros (with probability 1.0). For Lottery B, the outcomes are 4000 Euros (80% probability) and 0 Euros (20% probability); thus, the least probable outcome is 0 Euros (with probability 0.2). The reason compares these two least probable outcomes: 3000 Euros (A) vs. 0 Euros (B). Since 3000 Euros is more favorable than 0 Euros, the reason would prefer Lottery A. This reason is applicable to the decision problem because the minimum probability outcomes can be identified and compared in terms of favorability (monetary value)."",
  ""step_2"": ""The individual considers the risk of receiving 0 Euros in Lottery B, which they describe as 'zu hoch' (too high). They acknowledge a difference in potential gain (4000 vs. 3000), but state that this difference is 'zu niedrig' (too low) to justify taking the risk. The individual's deliberation centers on the downside risk (receiving 0) and the insufficient reward to compensate for it. Their justification is based on avoiding the worst-case outcome (0 Euros) and rejecting the higher potential gain because it does not outweigh the risk of losing everything. The information considered includes the 20% chance of 0 Euros in B and the certainty of 3000 Euros in A. The individual’s justification is based on the unacceptability of the worst outcome in B and the perceived imbalance between risk and reward."",
  ""step_3"": ""The decision reason evaluates the least probable outcome of each lottery and prefers the one with the more favorable (higher) value. In this case, the least probable outcome in A is 3000 Euros (with 100% probability, so it is the only outcome), and in B it is 0 Euros (20% probability). The reason would prefer A because 3000 > 0. The individual explicitly rejects Lottery B due to the risk of getting 0 Euros, which is the least probable but most unfavorable outcome in B. They justify their choice by emphasizing the high risk of 0 and the insufficient gain to compensate. This aligns with the decision reason: the individual focuses on the worst-case (least probable) outcome in B (0 Euros) and finds it unacceptable, thereby preferring A. The individual’s reasoning is consistent with the rule of the decision reason: they prioritize the favorability of the least probable outcome and prefer the lottery where that outcome is more favorable. Therefore, the decision reason was used."",
  ""final_assessment_score"": 90
}"
4,"{
  ""step_1"": ""The decision reason focuses on the least probable outcome in each lottery—the most favorable outcome with the lowest probability. In Lottery A, the most favorable outcome is 4000 Euros with a probability of 20%. In Lottery B, the most favorable outcome is 3000 Euros with a probability of 25%. The reason compares these least probable outcomes: 4000 Euros (20%) vs. 3000 Euros (25%). Since 4000 Euros is more favorable than 3000 Euros, and it occurs with a lower probability (20% < 25%), the reason would prefer Lottery A because it has the more favorable outcome (higher monetary value) at the minimum probability. Thus, the reason is applicable to this decision problem."",
  ""step_2"": ""The individual considers the probability of winning in both lotteries. They note that the probability of winning in Lottery B is only slightly lower than in Lottery A. The individual does not mention the specific monetary amounts or compare the outcomes at their respective probabilities. The justification centers solely on the overall likelihood of winning, suggesting a preference for higher probability of any win, without reference to the magnitude of the prize or the minimum probability of the best outcome. The deliberation focuses on the general chance of winning, not on the least probable outcome or its favorable value."",
  ""step_3"": ""The decision reason requires evaluating the most favorable outcome at its lowest probability (i.e., the 'least probable outcome') and preferring the lottery with the more favorable such outcome. The individual did not consider the monetary value of the best outcome in relation to its probability; instead, they compared the overall probability of winning, which is not the same as focusing on the least probable outcome. The individual’s justification is based on a general assessment of winning probability, not on the specific comparison of the minimum-probability, maximum-payoff outcomes. Therefore, the information considered and the justification provided do not align with the decision reason’s rule. There is no indication that the individual evaluated or compared the least probable outcomes based on their favorable value. The decision reason was not used."",
  ""final_assessment_score"": 0
}"
5,"{
  ""step_1"": ""The decision reason focuses on the least probable outcomes—specifically, the most favorable outcome with the lowest probability in each lottery. For Lottery A, the most favorable outcome is 3000 Euros, which occurs with a probability of 90%, so the least probable outcome (i.e., the one with the minimum probability) is 3000 Euros with 90% probability. However, since this is the only non-zero outcome with a high probability, the 'least probable outcome' in this context would actually be the 3000 Euros outcome (as the 0 Euros outcome has 10% probability, which is lower). But the reason specifies the 'most favorable outcome with the lowest (minimum) probability'—so for Lottery A, the most favorable outcome is 3000 Euros, and its probability is 90%, which is not low. The 0 Euros outcome has a lower probability (10%) but is not favorable. Therefore, the 'most favorable outcome with the lowest probability' must be interpreted as the non-zero outcome with the smallest probability. In Lottery A, that is 3000 Euros with 10% probability. In Lottery B, the most favorable outcome is 6000 Euros with 45% probability, and the 0 Euros outcome has 55% probability. So the most favorable outcome with the lowest probability in Lottery B is 6000 Euros with 45% probability. Thus, the reason compares: Lottery A has a 3000 Euro outcome at 10% probability, and Lottery B has a 6000 Euro outcome at 45% probability. The reason prefers the lottery with the more favorable (i.e., higher) outcome in this least probable category. Since 6000 > 3000, the reason would prefer Lottery B. The information required for the decision reason (the most favorable outcome and its probability in each lottery) can be derived from the lotteries' specifications."",
  ""step_2"": ""The individual states: 'auch hier habe ich die sichere Variante gewählt' (here too I chose the safe option). This indicates a preference for a more certain outcome. Then they say: '90€ Gewinnchance erschien mir sehr hoch' (a 90% chance of winning seemed very high to me). The individual focuses on the high probability (90%) of winning 3000 Euros in Lottery A. They do not mention the 6000 Euro outcome in Lottery B, nor do they refer to the probabilities of the less favorable outcomes (0 Euros) or compare the minimum probabilities of the favorable outcomes. Their justification centers on the high likelihood of a positive outcome (90% chance of 3000 Euros), which reflects a preference for high probability of a gain, not a focus on the least probable favorable outcome."",
  ""step_3"": ""The decision reason requires the individual to evaluate the most favorable outcome with the lowest probability in each lottery and prefer the one with the more favorable (higher) outcome in that category. In this case, Lottery A has 3000 Euros at 10% probability, and Lottery B has 6000 Euros at 45% probability. The reason would favor Lottery B because 6000 > 3000 in the least probable favorable outcome. However, the individual did not consider this comparison. Instead, they focused on the high probability (90%) of the favorable outcome in Lottery A, which is not the 'least probable' outcome. Their justification is based on the high probability of a positive outcome, which aligns with a different decision rule (e.g., maximizing the probability of a gain or preferring high certainty), not the given reason. There is no mention of the minimum probability of the favorable outcomes or a comparison between them. Therefore, the decision reason was not used by the individual."",
  ""final_assessment_score"": 0
}"
6,"{
  ""step_1"": ""The decision reason focuses on the least probable outcomes—specifically, the most favorable (highest) monetary outcome associated with the lowest probability in each lottery. For Lottery A, the least probable outcome is 6000 Euros with a probability of 0.1%. For Lottery B, the least probable outcome is 3000 Euros with a probability of 0.2%. The reason compares these two outcomes (6000 vs. 3000) and prefers the lottery with the more favorable (higher) outcome in the least probable scenario. Since 6000 > 3000, the reason would prefer Lottery A. This reason is applicable to the decision problem because the relevant outcomes and probabilities are clearly defined and can be extracted from the lotteries."",
  ""step_2"": ""The individual considers that both lotteries have a very low chance of winning. However, they emphasize that if Lottery A is drawn, they would receive a higher payout (6000 Euros) compared to Lottery B (3000 Euros). The individual's justification centers on the potential maximum payoff in the unlikely event that the lottery is won, specifically highlighting the higher amount in Lottery A. The deliberation focuses on the favorable outcome of Lottery A (6000 Euros) and the fact that it is more favorable than the favorable outcome of Lottery B (3000 Euros), even though it occurs with a lower probability."",
  ""step_3"": ""The information considered by the individual aligns with the decision reason: they focus on the most favorable outcome (highest monetary amount) in the least probable scenario (i.e., the outcome with the lowest probability). The individual explicitly compares the highest possible payouts (6000 vs. 3000) and prioritizes the higher one in the unlikely event of winning. The justification matches the rule of the decision reason: prefer the lottery with the more favorable least probable outcome. Therefore, the individual used the decision reason to make their choice. The alignment is strong and direct."",
  ""final_assessment_score"": 100
}"
7,"{
  ""step_1"": ""The decision reason focuses on the least probable outcome in each lottery—the outcome with the lowest probability—and compares their favorability. In Lottery A, the outcomes are -4000 Euros (80% probability) and 0 Euros (20% probability). The least probable outcome is 0 Euros with 20% probability. In Lottery B, the outcome is -3000 Euros with 100% probability, so the only outcome is also the least probable (since it's the only one). Thus, the least probable outcome in Lottery B is -3000 Euros. The reason compares 0 Euros (from A) and -3000 Euros (from B). Since 0 Euros is more favorable (less negative) than -3000 Euros, the reason would prefer Lottery A. This reason is applicable to the decision problem because the relevant outcomes and their probabilities are clearly defined and can be used to identify the least probable outcome in each lottery."",
  ""step_2"": ""The individual considers the possibility of a positive outcome in Lottery A: 'in Variante A habe ich immerhin noch eine 20%ige Chance auf einen Gewinn' (in Variant A I still have a 20% chance of a win). This indicates that the individual is focusing on the 20% chance of getting 0 Euros (a non-loss, or 'win' in subjective terms) in Lottery A. The individual does not mention the -4000 Euro outcome or the certainty of -3000 Euros in Lottery B. The justification centers on the existence of a non-loss outcome (0 Euros) in Lottery A, despite its low probability, which the individual perceives as a positive possibility. The individual does not evaluate the expected value, risk, or worst-case outcomes directly, but instead emphasizes the presence of a favorable (non-negative) outcome with a small probability."",
  ""step_3"": ""The decision reason evaluates the least probable outcome in each lottery and prefers the lottery with the more favorable (i.e., higher or less negative) least probable outcome. In this case, the least probable outcome in A is 0 Euros (20%), and in B it is -3000 Euros (100%). The reason prefers A because 0 > -3000. The individual's verbal report focuses on the 20% chance of 0 Euros in A, which is the least probable outcome and the most favorable one in that lottery. The individual explicitly values this outcome as a 'win' and uses it as a justification for preferring A. The information considered (the 20% chance of 0 Euros) matches the least probable outcome in A, and the justification aligns with the reason’s rule: preferring the lottery with the more favorable least probable outcome. Therefore, the individual’s deliberation process matches the decision reason. There is no indication of alternative reasoning (e.g., expected value, risk aversion, or worst-case focus)."",
  ""final_assessment_score"": 100
}"
8,"{
  ""step_1"": ""The decision reason focuses on the least probable outcome in each lottery—the outcome with the minimum probability—and compares the favorability of these outcomes. In Lottery A, the least probable outcome is -4000 Euros with a 20% probability. In Lottery B, the least probable outcome is -3000 Euros with a 25% probability. The reason evaluates which of these least probable outcomes is more favorable (i.e., less negative). Since -3000 Euros is more favorable (less negative) than -4000 Euros, the reason would prefer Lottery B. The relevant information (outcomes and their probabilities) is fully available in the lotteries, so the decision reason can be applied."",
  ""step_2"": ""The individual considers the risk of loss in both lotteries. They note that Variant B has a 5% higher probability of loss (25% vs. 20%) but a lower loss amount (1000 Euros less than in Variant A). The individual weighs the increased probability of loss against the reduced magnitude of loss. Their justification centers on the trade-off between the likelihood of a loss and the size of the loss, specifically comparing the 5% higher chance of loss in B against the 1000 Euro reduction in potential loss. There is no mention of the least probable outcome or its favorability; instead, the focus is on the probability and magnitude of the loss, particularly the more likely outcome (0 Euros) and the less likely negative outcomes."",
  ""step_3"": ""The decision reason requires focusing on the least probable outcome (minimum probability) and comparing the favorability of those outcomes. The individual does not refer to the least probable outcome in either lottery or evaluate which of these outcomes is more favorable. Instead, they compare the overall risk profile, particularly the probability and magnitude of the loss, without isolating the outcome with the minimum probability. The individual's justification is based on a trade-off between probability and magnitude of loss, not on the favorability of the least probable outcome. Therefore, the decision reason is not reflected in the deliberation process. However, the individual does end up preferring B, which aligns with the reason’s recommendation, but this alignment is coincidental rather than based on the stated rationale. Thus, the reason was not used."",
  ""final_assessment_score"": 10
}"
9,"{
  ""step_1"": ""The decision reason focuses on the least probable outcomes (i.e., the outcomes with the minimum probability) in each lottery and compares their favorability. For Lottery A, the least probable outcome is -6000 Euros with 45% probability, which is the only outcome with a probability below 55%. For Lottery B, the least probable outcome is 0 Euros with 10% probability. The reason evaluates which of these least probable outcomes is more favorable: -6000 (a loss) vs. 0 (no loss). Since 0 is more favorable than -6000, the reason would prefer Lottery B because it has the more favorable least probable outcome. Thus, the reason is applicable to this decision problem, as the minimum probabilities and their associated outcomes are identifiable in both lotteries."",
  ""step_2"": ""The individual states that they generally compare the probabilities of gains and losses across options and then decide which variant seems more sensible. In this case, they found Variant A more sensible. The individual does not mention any specific comparison of the least probable outcomes, nor do they reference the specific probabilities or outcomes (e.g., 10%, 45%, or the values -6000 or 0) in their justification. Their reasoning is vague and general, focusing on a holistic sense of 'sensibility' rather than a specific rule or comparison of extreme or rare outcomes. There is no mention of considering the lowest-probability events or evaluating their favorability."",
  ""step_3"": ""The decision reason requires a focus on the least probable outcome in each lottery and a preference for the lottery with the more favorable such outcome. The individual did not refer to any such comparison. They did not mention probabilities below 50%, nor did they reference the specific outcomes tied to low probabilities. Their justification was general and not tied to the structure of the lotteries' extreme probabilities. Therefore, there is no evidence that the individual applied the rule of evaluating the least probable outcomes. However, since the individual did consider probabilities in general (as stated in their report), there is a minimal possibility that they were implicitly guided by such a rule, though this is not supported by the content of the justification. Thus, the evidence is weak but not entirely absent. The assessment leans toward not using the reason, but with some uncertainty due to the vague nature of the report."",
  ""final_assessment_score"": 20
}"
10,"{
  ""step_1"": ""The decision reason focuses on the least probable outcome (i.e., the outcome with the minimum probability) in each lottery and compares the favorability of these outcomes. In Lottery A, the least probable outcome is -6000 Euros with a probability of 0.1%. In Lottery B, the least probable outcome is -3000 Euros with a probability of 0.2%. The reason evaluates which of these two outcomes is more favorable (i.e., less negative) and prefers the lottery with the more favorable least probable outcome. Since -3000 Euros is less unfavorable than -6000 Euros, the reason would prefer Lottery B. This reason is applicable to the decision problem because the relevant outcomes and their probabilities are clearly defined and allow for a comparison of the least probable outcomes."",
  ""step_2"": ""The individual considers the probability of loss in both lotteries: Lottery B has a higher probability of loss (0.2% vs. 0.1%) but the loss amount is smaller (3000 Euros vs. 6000 Euros). The individual justifies their choice by stating that the smaller loss in Lottery B, despite the slightly higher chance of loss, is sufficient justification for their decision. The deliberation focuses on the trade-off between the probability of loss and the magnitude of the loss, specifically highlighting that the loss in B is half as large as in A, which they find acceptable given the marginal increase in risk."",
  ""step_3"": ""The decision reason evaluates only the least probable outcome (i.e., the outcome with minimum probability) and prefers the lottery with the more favorable (less negative) such outcome. In this case, the least probable outcome in A is -6000 Euros (0.1%), and in B it is -3000 Euros (0.2%). The reason would prefer B because -3000 is more favorable than -6000. However, the individual’s justification does not focus on the least probable outcome alone. Instead, they consider the overall trade-off between the probability and magnitude of loss, indicating a broader evaluation that includes both the likelihood and severity of the negative outcome. While the individual’s reasoning aligns with the conclusion of the decision reason (choosing B), their deliberation process does not match the rule of the reason, which is based solely on the least probable outcome. The individual considers the full risk profile, not just the minimum-probability outcome. Therefore, the decision reason was not used in the way specified."",
  ""final_assessment_score"": 30
}"
11,"{
  ""step_1"": ""The decision reason focuses on the least probable outcome in each lottery—the outcome with the minimum probability—and compares the favorability of these outcomes across lotteries. For Lottery A, the only outcome is 500 Euros with 100% probability, so the least probable outcome is 500 Euros (probability 1.0). For Lottery B, the outcomes are 1000 Euros (50% probability) and 0 Euros (50% probability); the least probable outcome is 0 Euros (50% probability). The reason prefers the lottery with the more favorable least probable outcome. In this case, 0 Euros is less favorable than 500 Euros, so the reason would prefer Lottery A. The information required by the reason (outcomes and their probabilities) is fully available in the decision problem, so the reason is applicable."",
  ""step_2"": ""The individual considers the probability of receiving 0 Euros in Lottery B, describing it as 'zu hoch' (too high). This indicates that the individual is concerned about the possibility of receiving nothing, which corresponds to the least probable outcome in Lottery B (0 Euros at 50% probability). The individual does not mention the 1000 Euros outcome or the certain 500 Euros in Lottery A, nor do they reference the certainty or expected value. The justification centers solely on the unfavorable nature of the 0 Euro outcome and its relatively high probability (50%), which the individual finds unacceptable. The deliberation focuses on the downside risk in Lottery B, specifically the likelihood of getting nothing."",
  ""step_3"": ""The decision reason evaluates the least probable outcome in each lottery and prefers the lottery with the more favorable (less bad) least probable outcome. In this case, the least probable outcome in A is 500 Euros (certain, so probability 1.0), and in B it is 0 Euros (50% probability). The reason would prefer A because 500 Euros is more favorable than 0 Euros as the least probable outcome. The individual’s justification focuses on the 0 Euro outcome in B being undesirable due to its 50% probability, which aligns with the concern about the least favorable outcome in B. The individual does not consider expected value, certainty, or other outcomes, but instead focuses on the adverse consequence (0 Euros) and its probability, which is exactly the focus of the decision reason. The reasoning process matches the structure of the decision reason: evaluating the least probable outcome (in B, it's 0 Euros at 50%) and finding it unfavorable. Thus, the individual used the decision reason to justify their choice."",
  ""final_assessment_score"": 100
}"
12,"{
  ""step_1"": ""The decision reason focuses on the least probable outcome (i.e., the outcome with the minimum probability) in each lottery and compares the favorability of these outcomes. For Lottery A, the outcomes are -1000 Euros (50% probability) and 0 Euros (50% probability). The least probable outcome is either -1000 or 0, both with 50% probability, so both are equally least probable. However, the reason specifies the 'most favorable' outcome among those with the minimum probability. Since both outcomes have the same probability, the most favorable (i.e., highest) of the two is 0 Euros. For Lottery B, the outcome is -500 Euros with 100% probability, so the only outcome is the least probable (and only) one. The most favorable least probable outcome in Lottery B is therefore -500 Euros. Comparing the two: Lottery A has a most favorable least probable outcome of 0 Euros, while Lottery B has -500 Euros. Since 0 > -500, the reason would prefer Lottery A. Thus, the decision reason is applicable to this decision problem and leads to a clear preference for Lottery A."",
  ""step_2"": ""The individual's verbal report states: 'hier setze ich auf risiko obwohl ich die chance habe mehr zu verlieren' (I'm taking the risk here, although I have the chance of losing more). This indicates that the individual is aware of the risk involved in choosing a lottery with a chance of a larger loss (Lottery A). The individual acknowledges the possibility of losing more (i.e., -1000 Euros) but still chooses the risky option. The justification centers on a deliberate choice to take a risk, despite the higher potential downside. The individual does not mention probabilities, expected values, or specific outcomes in terms of their favorability or likelihood. There is no reference to the least probable outcome, its favorability, or a comparison of such outcomes. The deliberation focuses on the emotional or behavioral aspect of risk-taking, not on a formal evaluation of minimum-probability outcomes."",
  ""step_3"": ""First, the information relevant to the decision reason includes the identification of the most favorable outcome among those with the minimum probability: 0 Euros for Lottery A and -500 Euros for Lottery B. The individual did not consider these specific outcomes or their probabilities in the deliberation. Second, the decision reason’s rule is to prefer the lottery with the more favorable least probable outcome, which would lead to choosing Lottery A. The individual’s justification is based on a subjective preference for risk, not on a comparison of the least probable outcomes. Although the individual ends up choosing Lottery A (which aligns with the reason’s recommendation), the reasoning process described does not reflect the application of the stated decision reason. The individual does not mention probabilities, outcome favorability, or minimum-probability outcomes. Therefore, the decision reason was not used in the individual’s deliberation. The final assessment is that the reason was not used."",
  ""final_assessment_score"": 0
}"
13,"{
  ""step_1"": ""The decision reason focuses on the least probable (minimum probability) outcome in each lottery and compares the favorability (monetary value) of those outcomes. For Lottery A: the least probable outcome is 6000 Euros with 25% probability (this is the only non-zero outcome with non-75% probability; the 0 Euro outcome has 75%, which is higher, so the 6000 Euro outcome is the one with the minimum probability). For Lottery B: the outcomes are 4000 Euros (25%), 2000 Euros (25%), and 0 Euros (50%). The least probable outcomes are both 4000 and 2000 Euros (each at 25% probability), and since 25% is the minimum probability among non-zero outcomes, the most favorable (highest) of these is 4000 Euros. Therefore, the reason compares 6000 Euros (A's least probable outcome) and 4000 Euros (B's least probable outcome), and since 6000 > 4000, the reason would prefer Lottery A. The relevant information (outcomes and their probabilities) is fully available in the lotteries, so the reason is applicable."",
  ""step_2"": ""The individual considers two aspects in the verbal report: (1) Lottery B offers a higher sum in case of winning (implying the maximum possible payout is higher in B: 4000 vs. 6000), and (2) Variant B provides a 'sichere Möglichkeit auf Gewinn' (a sure chance of winning), meaning that in B, there is a 50% chance of winning at least 2000 Euros (or a 75% chance of winning something, since 2000 and 4000 are both non-zero), whereas in A, there is only a 25% chance of winning anything. The individual appears to value the higher chance of winning (i.e., the probability of a non-zero outcome) and the potential for a higher maximum payout. However, the individual does not mention the minimum probability outcomes or compare the least probable outcomes of each lottery."",
  ""step_3"": ""The decision reason requires comparing the most favorable outcome with the minimum probability in each lottery. The individual did not refer to minimum probabilities or the least probable outcomes. Instead, they focused on the maximum payout (higher in B) and the higher probability of winning (i.e., lower probability of 0). This suggests the individual used a different criterion—possibly a focus on the probability of non-zero outcomes or the maximum payoff—rather than the least probable outcome. The information considered by the individual (maximum payout, probability of winning) does not align with the information required by the reason (minimum probability outcomes). Furthermore, the justification does not mention the least probable outcome or compare them. Therefore, the individual did not use the specified decision reason. The final assessment is 0."",
  ""final_assessment_score"": 0
}"
14,"{
  ""step_1"": ""The decision reason focuses on the least probable (i.e., minimum probability) outcome in each lottery and compares the favorability of these outcomes. In Lottery A, the outcomes are: -4000 (25%), -2000 (25%), and 0 (50%). The least probable outcome is either -4000 or -2000, both with 25% probability. The most favorable (least negative) among these is -2000. In Lottery B, the outcomes are: -6000 (25%) and 0 (75%). The least probable outcome is -6000 (25%), which is the only outcome with that probability. The most favorable least probable outcome is therefore -6000. The reason compares the least probable outcomes: in A it is -2000, in B it is -6000. Since -2000 is more favorable (less negative) than -6000, the reason would prefer Lottery A. The information needed to apply the reason (probabilities and outcomes) is fully available from the lotteries."",
  ""step_2"": ""The individual considers the worst-case scenario (highest loss) in Lottery B (-6000) and notes that it is worse than in Lottery A (-4000). However, they also note that in Lottery B, there is a higher chance (75%) of getting 0, compared to Lottery A (50%). The individual's deliberation focuses on the trade-off between the severity of the worst outcome and the probability of avoiding a loss (i.e., getting 0). They do not mention the least probable outcomes or their favorability. Instead, they focus on the maximum loss and the probability of a zero outcome, which are not directly aligned with the decision reason's focus on the most favorable outcome among those with the minimum probability."",
  ""step_3"": ""The decision reason requires comparing the most favorable outcome among those with the minimum probability in each lottery. In this case, the minimum probability is 25% in both lotteries. For Lottery A, the 25% outcomes are -4000 and -2000; the more favorable is -2000. For Lottery B, the 25% outcome is -6000. The reason would prefer A because -2000 > -6000. However, the individual does not consider these specific outcomes with minimum probability. Instead, they focus on the worst-case outcome (-6000 vs. -4000) and the probability of a zero outcome (75% vs. 50%). These considerations are not aligned with the decision reason’s rule. There is no mention of the least probable outcomes or their favorability. Therefore, the individual did not use the specified decision reason. The reasoning process described is based on different criteria: worst-case severity and chance of zero gain, not on the most favorable outcome among the least probable ones."",
  ""final_assessment_score"": 0
}"
15,"{
  ""step_1"": ""The decision reason focuses on the least probable outcome in each lottery—the most favorable outcome with the minimum probability. For Lottery A, the most favorable outcome is 5000 Euros with a probability of 0.1% (0.001). For Lottery B, the most favorable outcome is 5 Euros with a probability of 100% (1.0). The reason compares these least probable (i.e., minimum probability) outcomes: in A, it's 5000 Euros at 0.1%, and in B, it's 5 Euros at 100%. The reason prefers the lottery with the more favorable (higher) outcome among these least probable ones. Since 5000 Euros > 5 Euros, the reason would prefer Lottery A. This reason is applicable to the decision problem because the relevant outcomes and probabilities are clearly defined and comparable."",
  ""step_2"": ""The individual considers the possibility of winning a large sum in Lottery A, acknowledging that the probability is very low (‘sehr gering’). They also note that the outcome in Lottery B is very small (‘der Gewinn in Variante B aber so niedrig’). The individual justifies their choice by stating they are willing to take the risk (‘das Risiko eingehe’), implying a willingness to accept a very low chance of a large gain despite the small guaranteed gain in B. The deliberation focuses on the high potential gain in A despite its low probability, and the unattractiveness of the small guaranteed gain in B. The individual does not mention comparing minimum probabilities or evaluating the least probable outcomes per se, but rather evaluates the desirability of the high payoff in A and the triviality of the payoff in B."",
  ""step_3"": ""First, comparing information considered: The decision reason focuses on the least probable outcome (i.e., the outcome with minimum probability) in each lottery—specifically, the 5000 Euros at 0.1% in A and the 5 Euros at 100% in B. The individual does consider the low probability of the high payoff in A and the low value of the certain payoff in B. However, the individual does not explicitly refer to the 'least probable outcome' or compare the two outcomes under that criterion. Instead, the justification centers on the desirability of a large payoff despite low odds and the unattractiveness of a small certain payoff. Second, comparing the decision rule: The reason prefers the lottery with the more favorable outcome among the least probable ones (5000 > 5, so A is preferred). The individual’s justification aligns with preferring A (since they take the risk), but the reasoning is not based on the rule of comparing the most favorable outcome at minimum probability. Instead, it reflects a risk-seeking preference for a large potential gain, not a rule based on the structure of minimum-probability outcomes. Therefore, while the outcome of the decision (choosing A) is consistent with the reason, the reasoning process described does not match the rule of the decision reason. The individual did not use the specified reason."",
  ""final_assessment_score"": 20
}"
16,"{
  ""step_1"": ""The decision reason focuses on the least probable (i.e., minimum probability) outcome in each lottery and compares the favorability (i.e., value) of these outcomes. In Lottery A, the only outcome is -5 Euros with 100% probability, so the least probable outcome is -5 Euros (probability 1.0). In Lottery B, the outcomes are -5000 Euros (0.1% probability) and 0 Euros (99.9% probability). The least probable outcome is -5000 Euros (probability 0.001). The decision reason evaluates the favorability of these least probable outcomes: -5000 Euros (in B) vs. -5 Euros (in A). Since -5 Euros is more favorable (less negative) than -5000 Euros, the reason would prefer Lottery A. The information required by the reason (probabilities and outcomes of the least probable events) is fully available from the lotteries and thus the reason is applicable to this decision problem."",
  ""step_2"": ""The individual considers the magnitude of the loss in Lottery B compared to the loss in Lottery A. The statement 'der Verlust in Lotterie B steht in keinerlei Verhältnis zum Verlust in Lotterie A' translates to 'the loss in Lottery B is in no way comparable to the loss in Lottery A.' This indicates that the individual is focusing on the difference in the size of the potential loss (specifically, the -5000 Euros in B vs. the -5 Euros in A), suggesting a strong aversion to the large loss in B. However, the individual does not mention anything about probabilities, nor do they refer to the rarity of the worst outcome in B, nor do they compare the least probable outcomes. The justification is based on the absolute magnitude of the loss, not on the probability of that loss or the comparison of minimum-probability outcomes."",
  ""step_3"": ""The decision reason requires the individual to focus on the least probable outcome in each lottery and prefer the lottery with the more favorable (less negative) such outcome. In this case, the least probable outcome in B is -5000 Euros (0.1%), and in A it is -5 Euros (100%). The reason would prefer A because -5 > -5000. However, the individual’s justification does not refer to probabilities or the least probable outcomes; instead, it focuses on the overall magnitude of the loss in B relative to A. There is no mention of the rarity of the -5000 Euro outcome or a comparison of such outcomes based on their probability. Therefore, while the individual’s reasoning may lead to the same choice (preferring A), the reasoning process does not align with the decision reason. The individual did not consider the least probable outcome as a basis for the decision, nor did they justify their choice based on the favorability of such an outcome. Thus, the decision reason was not used."",
  ""final_assessment_score"": 0
}"
17,"{
  ""step_1"": ""The decision reason focuses on the least probable outcomes (i.e., the minimum probability outcomes) in each lottery and compares the most favorable of these. For Lottery A, the outcomes are 3000 Euros (50% probability) and -3000 Euros (50% probability). The least probable outcome is either 3000 or -3000, both at 50%. However, since the reason specifies the 'most favorable outcome with the lowest probability', we consider the highest monetary value among the outcomes with the minimum probability. In Lottery A, both outcomes have the same probability (50%), so the most favorable outcome at minimum probability is 3000 Euros. In Lottery B, the outcome is 1500 Euros with 100% probability, so the minimum probability is 100%, and the only outcome is 1500 Euros. Thus, the least probable outcome in Lottery B is 1500 Euros. The reason compares 3000 (from A) and 1500 (from B), and since 3000 > 1500, the reason would prefer Lottery A. This reason is applicable to the decision problem because the relevant information (outcomes and their probabilities) is available and can be used to identify the most favorable outcome with the lowest probability in each lottery."",
  ""step_2"": ""The individual's verbal report states: 'hier habe ich sicherheit gewählt' (here I chose security). This indicates that the individual considered the concept of 'security' in their deliberation. The justification centers on choosing safety or certainty, which aligns with a preference for avoiding risk. The individual did not mention any comparison of outcomes with low probabilities, nor did they refer to the favorable or unfavorable extreme outcomes, or their probabilities. Instead, the focus is on the certainty of the outcome in Lottery B (1500 Euros with 100% probability) versus the risk involved in Lottery A (which has a 50% chance of losing 3000 Euros). The deliberation process described is based on risk aversion and preference for certainty, not on evaluating the least probable outcomes or their favorability."",
  ""step_3"": ""First, comparing the information relevant to the decision reason with that considered by the individual: The decision reason requires evaluating the most favorable outcome with the lowest probability in each lottery. The individual did not consider this; instead, they focused on the certainty of the outcome in Lottery B and the risk in Lottery A. Second, comparing the decision rule with the justification: The reason prefers the lottery with the more favorable least probable outcome (3000 in A vs. 1500 in B), which would lead to choosing A. However, the individual chose B based on security, which contradicts the recommendation of the reason. There is no mention in the report of low-probability outcomes or their favorability. Therefore, the individual did not use the specified decision reason. The justification is based on a different principle (risk aversion/certainty preference), not on the structure of minimum-probability outcomes. The decision reason was not used."",
  ""final_assessment_score"": 0
}"
18,"{
  ""step_1"": ""The decision reason focuses on the least probable outcomes (i.e., the minimum probability outcomes) in each lottery and compares the most favorable of these. In Lottery A, the outcomes are 3000 Euros (50% probability) and -3000 Euros (50% probability). The least probable outcome is either 3000 or -3000, both with 50% probability, so the minimum probability is 50%. The most favorable outcome among those with the minimum probability is 3000 Euros. In Lottery B, the outcome is 2000 Euros with 100% probability, so the minimum probability is 100%, and the only outcome is 2000 Euros. Therefore, the least probable outcome in B is 2000 Euros (with 100% probability). The decision reason compares the most favorable outcome at the minimum probability: 3000 Euros (A) vs. 2000 Euros (B). Since 3000 > 2000, the reason would prefer Lottery A. However, the reason is defined to prefer the lottery with the more favorable (i.e., higher) least probable outcome, so in this case, A would be preferred. This reason is applicable to the decision problem because the relevant information (outcomes and their probabilities) is available."",
  ""step_2"": ""The individual considers only the certainty of the outcome in Lottery B, stating 'ich bevorzuge die sichere Variante' (I prefer the safe variant). This indicates that the individual's deliberation focuses on the absence of risk—specifically, the fact that Lottery B guarantees 2000 Euros, whereas Lottery A involves a 50% chance of losing 3000 Euros. The individual does not mention the potential gain of 3000 Euros in A, nor does they refer to the probability of outcomes, particularly the least probable ones. The justification centers on risk aversion and preference for certainty, not on comparing the most favorable outcome at the minimum probability in each lottery."",
  ""step_3"": ""The decision reason requires comparing the most favorable outcome at the minimum probability in each lottery. In this case, that would be 3000 Euros (A) vs. 2000 Euros (B), leading to a preference for A. However, the individual's justification is based solely on the certainty of B, not on any comparison of extreme or low-probability outcomes. The individual does not reference probabilities or consider the favorable outcome in A with low probability. Therefore, the information considered by the individual (certainty, risk avoidance) does not align with the information required by the reason (least probable outcomes and their favorable values). Moreover, the justification does not match the rule of the reason (preferring the lottery with the more favorable least probable outcome). Thus, the individual did not use this specific decision reason. However, there is no explicit mention of rejecting or dismissing the reason, so the absence is not absolute. The assessment is not certain but leans strongly toward non-use."",
  ""final_assessment_score"": 10
}"
19,"{
  ""step_1"": ""The decision reason focuses on the least probable outcomes (i.e., the minimum probability outcomes) in each lottery and compares the most favorable of these outcomes. For Lottery A, the only outcome is 1000 Euros with 100% probability, so the least probable outcome is 1000 Euros (with probability 1.0). For Lottery B, the outcomes are 3000 Euros (50% probability) and -3000 Euros (50% probability); the least probable outcome is either of the two (both at 50%), but the most favorable among them is 3000 Euros (since -3000 is less favorable). Thus, the reason compares 1000 Euros (from A) and 3000 Euros (from B) as the most favorable outcomes at the lowest probability in each lottery. The reason prefers the lottery with the more favorable (i.e., higher) least probable outcome. In this case, 3000 > 1000, so the reason would prefer Lottery B. The reason is applicable to this decision problem because the necessary information (outcomes and their probabilities) is available and the comparison can be made."",
  ""step_2"": ""The individual’s verbal report consists of only one word: 'Sicherheit', which translates to 'Security' in English. This suggests that the individual was motivated by a desire for safety or certainty in their decision. The deliberation process described is minimal and focuses on the concept of security, which implies a preference for a guaranteed outcome over a risky one. The individual does not mention any consideration of the less likely outcomes, nor do they refer to the favorable outcome with the lowest probability in either lottery. Instead, their justification centers on avoiding risk, which aligns with risk aversion rather than the specific rule of comparing the most favorable outcome at the lowest probability. Thus, the information considered is the certainty of the outcome in Lottery A, and the justification is based on the desire for security."",
  ""step_3"": ""First, comparing the information relevant to the decision reason with that considered by the individual: The decision reason requires attention to the most favorable outcome at the lowest probability in each lottery. The individual did not mention either the 50% probability outcomes in Lottery B or the comparison between the least probable outcomes. Instead, they focused solely on the certainty of Lottery A. Second, comparing the decision reason’s rule (prefer the lottery with the more favorable least probable outcome) with the individual’s justification: The individual’s justification ('Sicherheit') is based on risk aversion and certainty, not on evaluating the favorable outcome with minimal probability. The reason would favor Lottery B (3000 at 50%) over Lottery A (1000 at 100%), but the individual chose the safer option (A), which is consistent with risk aversion but not with the given reason. Therefore, the individual did not use the specified decision reason. The reasoning process described is fundamentally different in both focus and rule application."",
  ""final_assessment_score"": 0
}"
20,"{
  ""step_1"": ""The decision reason focuses on the least probable outcomes (i.e., the outcomes with the minimum probability) in each lottery and compares their favorability. In Lottery A, the outcomes are 6000 Euros (50% probability) and -6000 Euros (50% probability). The least probable outcome is either 6000 or -6000, both with 50% probability, so both are tied for the minimum probability. However, since the reason specifies the 'most favorable' outcome among those with the minimum probability, we consider the higher value among the outcomes with the lowest probability. In this case, both outcomes have the same probability (50%), so the most favorable outcome with the minimum probability is 6000 Euros. In Lottery B, the outcome is 0 Euros with 100% probability, so the only outcome has the maximum probability (100%), meaning the minimum probability is 100%, and the outcome with that probability is 0 Euros. Thus, the least probable outcome (in terms of minimum probability) in Lottery B is 0 Euros. The decision reason compares the most favorable outcome among the least probable outcomes: 6000 Euros (from A) vs. 0 Euros (from B). Since 6000 > 0, the reason would prefer Lottery A. The reason is applicable to this decision problem because the relevant information (outcomes and their probabilities) is available and allows comparison of the least probable outcomes."",
  ""step_2"": ""The individual's verbal report states: 'Lust auf Risiko' (German for 'Desire for risk'). This indicates that the individual was motivated by a preference for risk-taking. The individual did not mention any specific outcomes, probabilities, or comparisons between the lotteries' extreme or least probable results. There is no reference to the favorable or unfavorable outcomes, no mention of probabilities, and no discussion of the minimum probability outcomes or their favorability. The justification is purely emotional and behavioral—expressing a general inclination toward risk—rather than a structured evaluation of specific lottery features. The individual considered the general nature of the choice (risk vs. certainty) but did not engage in a reasoning process based on the least probable outcomes."",
  ""step_3"": ""First, the information relevant to the decision reason includes the identification of the least probable outcome in each lottery and the comparison of their favorability. In this case, the least probable outcome in Lottery A is 6000 Euros (with 50% probability), and in Lottery B, the only outcome (0 Euros) is certain, so it is not the least probable—it is the most probable. The reason would compare 6000 (A) vs. 0 (B), favoring A. However, the individual did not consider or mention these specific outcomes or their probabilities. Second, the individual's justification ('Lust auf Risiko') reflects a general risk preference, not a rule-based evaluation of the least probable outcomes. There is no indication that the individual focused on the minimum probability outcomes or compared their favorability. The reasoning is not aligned with the decision reason's rule. Therefore, the decision reason was not used by the individual."",
  ""final_assessment_score"": 0
}"
