problemID,response
1,"STEPS: 
To assess whether the individual used the given decision reason, we will follow the steps as outlined.

Step 1: Assess if the decision reason can be applied to the decision problem.
The decision reason considers the maximum probability of each lottery and prefers the lottery with the lower value of maximum probability. For Lottery A, the maximum probability is 66% (for the outcome of 2400 Euros), and for Lottery B, the maximum probability is 100% (for the outcome of 2400 Euros). The relevant information for the decision reason is the maximum probability of each lottery, which can be derived from the lotteries' outcomes and probabilities. Thus, the decision reason can be applied to this decision problem.

Step 2: Assess the verbal report.
First, we evaluate and summarize the information considered by the individual: The individual considered the potential gains from each lottery, noting that Lottery A offers a higher potential gain (2500 Euros) with a lower probability (33%) compared to Lottery B, which offers a guaranteed 2400 Euros. The individual also acknowledged the 1% chance of winning nothing in Lottery A but considered this negligible.

Second, we evaluate and summarize the individual’s justification for the choice: The individual chose Lottery A because, in their calculation, it offers the highest potential gain, and the small risk of winning nothing (1% chance) does not outweigh the potential increase of 100 Euros (approximately 2.5% more than the guaranteed amount of Lottery B when considering the probabilities).

Step 3: Assess whether the decision reason was used by the individual.
First, comparing the information relevant to the decision reason (maximum probabilities of the lotteries) with that considered by the individual (potential gains, probabilities of outcomes), it appears the individual focused more on the potential gains and the specific probabilities of outcomes rather than the maximum probability of each lottery as defined by the decision reason.

Second, comparing the decision reason’s rule (preferring the lottery with the lower value of maximum probability) to the individual’s justification (choosing based on potential gain and considering the risk of the lowest outcome as negligible), it is clear that the individual's justification does not align with the decision reason's rule. The individual preferred Lottery A despite it having a lower maximum probability (66%) compared to Lottery B (100%), which contradicts the decision reason's preference for the lottery with the lower maximum probability.

FINAL ASSESSMENT: 0"
2,"Daher habe ich B gewählt.

Please follow the step-by-step instructions provided and give your FINAL ASSESSMENT in the requested format.assistant

STEPS: 
To assess whether the decision reason was used by the individual, I will follow the steps outlined below:

Step 1: Assess if the decision reason can be applied to the decision problem.
The decision reason considers the maximum probability of each lottery and prefers the lottery with the lower value of maximum probability. In this case, the maximum probability for both lotteries is the probability of not winning (0 Euros), which is 67% for Lottery B and 66% for Lottery A. The relevant information can be derived from the lotteries' outcomes and probabilities, which are: 
- Lottery B: 67% (maximum probability)
- Lottery A: 66% (maximum probability)

Step 2: Assess the verbal report.
First, evaluate and summarize information considered by the individual:
The individual considered the probability of winning for both lotteries, the difference in winnings between the two lotteries, and the difference in probabilities between the two lotteries.
Second, evaluate and summarize the individual’s justification for the choice:
The individual chose Lottery B because, despite having a lower probability of winning, the potential winnings are higher, and the difference in winnings is greater than the difference in probabilities, suggesting a potentially higher expected value.

Step 3: Assess whether the decision reason was used by the individual.
First, compare the information relevant to the decision reason with that considered by the individual:
The decision reason focuses on the maximum probability (probability of not winning), but the individual's consideration is more focused on the probability of winning and the potential winnings.
Second, compare the decision reason’s rule to the individual’s justification for the choice:
The decision reason prefers the lottery with the lower maximum probability (which would be Lottery A, with 66% probability of not winning), but the individual chose Lottery B based on a different rationale (higher potential winnings and greater difference in winnings than in probabilities).

FINAL ASSESSMENT: 0 
The individual's justification for choosing Lottery B does not align with the decision reason's rule, which would have preferred Lottery A due to its lower maximum probability of not winning. The focus on potential winnings and differences in probabilities and winnings in the verbal report indicates that the decision reason was not used by the individual."
3,"durchgerechnet (4000 x 0,8) und wegen dieses Ergebnisses B gewählt.

Please follow the step-by-step instructions provided and give your FINAL ASSESSMENT in the requested format.assistant

STEPS: 
To assess whether the decision reason was used by the individual, we will follow the step-by-step process outlined.

Step 1: Assess if the decision reason can be applied to the decision problem.
The decision reason considers the maximum probability of each lottery and prefers the lottery with the lower value of maximum probability. For Lottery A, the maximum probability is 100% (since it's a certain outcome), and for Lottery B, the maximum probability is 80%. The relevant information for the decision reason can be derived from the lotteries' outcomes and probabilities, which are 100% for Lottery A and 80% for Lottery B. This information is sufficient to apply the decision reason.

Step 2: Assess the verbal report.
First, we evaluate and summarize the information considered by the individual. The individual considered the certain gain of 3000 Euros from Lottery A and calculated the expected value of Lottery B, which is 3200 Euros (4000 x 0.8). 
Second, we evaluate and summarize the individual’s justification for the choice. The individual initially preferred Lottery A due to the certain gain but then chose Lottery B after calculating its expected value.

Step 3: Assess whether the decision reason was used by the individual.
First, we compare the information relevant to the decision reason (maximum probabilities of the lotteries) with that considered by the individual (certain gain of A and expected value of B). The individual did not explicitly mention comparing the probabilities of the two lotteries in terms of their maximum values.
Second, we compare the decision reason’s rule (prefer the lottery with the lower value of maximum probability) to the individual’s justification for the choice (chose B due to its higher expected value). The individual's justification does not align with the decision reason's rule, as the individual preferred the lottery with the higher expected value rather than the one with the lower maximum probability.

FINAL ASSESSMENT: 0 
The individual's decision-making process, as described in the verbal report, does not align with the decision reason provided. The individual based their choice on the expected values of the lotteries rather than comparing their maximum probabilities, indicating that the decision reason was not used."
4,"maximum probability.

Verbal report:
Zuerst habe ich A angeschaut, dann B. Mit A gewinnt man theoretisch 800 Euro, mit B nur 750. Daher ist die Wahl auf A gefallen.

Please follow the step-by-step instructions provided and give your FINAL ASSESSMENT in the requested format.assistant

STEPS: 
Step 1: The decision reason can be applied to the decision problem. The relevant information for the decision reason is the maximum probability of each lottery. For Lottery A, the maximum probability is 80% (associated with 0 Euros), and for Lottery B, the maximum probability is 75% (associated with 0 Euros). This information can be derived from the lotteries' outcomes and probabilities.

Step 2: Evaluating the verbal report, the individual first considered Lottery A and then Lottery B. The individual calculated the expected value of each lottery, with Lottery A having an expected value of 800 Euros (4000 * 0.2) and Lottery B having an expected value of 750 Euros (3000 * 0.25). The individual's justification for choosing Lottery A was based on its higher expected value compared to Lottery B.

Step 3: Comparing the information relevant to the decision reason (maximum probabilities of 80% for A and 75% for B) with that considered by the individual (expected values of 800 Euros for A and 750 Euros for B), it's clear that the individual did not consider the maximum probability of each lottery. Instead, the individual focused on the expected values. The decision reason's rule prefers the lottery with the lower value of maximum probability, which would be Lottery B (75% < 80%), but the individual's justification was based on expected values, not maximum probabilities. Therefore, the individual's decision-making process does not align with the decision reason.

FINAL ASSESSMENT: 0"
5,"es rechnerisch um 2700 Euro. Ich habe A gewählt, weil dort die Wahrscheinlichkeit, überhaupt etwas zu gewinnen, höher ist.

Please follow the step-by-step instructions provided and give your FINAL ASSESSMENT in the requested format.assistant

STEPS: 
To assess whether the individual used the given decision reason, we'll follow the step-by-step process.

Step 1: Assess if the decision reason can be applied to the decision problem.
The decision reason considers the maximum probability of each lottery and prefers the one with the lower value of maximum probability. For Lottery A, the maximum probability is 90% (for winning 3000 Euros), and for Lottery B, it's 55% (for winning 0 Euros, but since we're considering the maximum probability of any outcome, we look at the probability of winning, which is 45%). However, the decision reason as stated seems to be about preferring the lower maximum probability, which would imply a preference for Lottery B if we strictly interpret ""maximum probability"" without considering the context of winning or losing. But given the context, it seems there might be confusion in how the reason is stated, as typically one would consider the probability of the best outcome (winning) in such comparisons. Thus, the relevant information for the decision reason, as it seems to be intended (considering the probability of winning), is:
- Lottery A: 90% chance of winning 3000 Euros
- Lottery B: 45% chance of winning 6000 Euros

However, to align with the decision reason as stated (preferring the lower value of maximum probability), we must consider the maximum probabilities given:
- Lottery A has a maximum probability of 90%
- Lottery B has a maximum probability of 55% (since 55% is the higher probability between winning and losing in Lottery B)

Step 2: Assess the verbal report.
First, evaluate and summarize the information considered by the individual:
The individual considered the expected value (rechnerisch um 2700 Euro) of both lotteries and noted that the probability of winning something in Lottery A is higher.

Second, evaluate and summarize the individual’s justification for the choice:
The individual chose Lottery A because the probability of winning something is higher.

Step 3: Assess whether the decision reason was used by the individual.
First, compare the information relevant to the decision reason with that considered by the individual:
The decision reason focuses on the maximum probability of each lottery, but the individual considered the expected value and the probability of winning something, not directly the maximum probability as defined by the reason.

Second, compare the decision reason’s rule to the individual’s justification for the choice:
The decision reason prefers the lottery with the lower maximum probability, but the individual preferred Lottery A because it has a higher probability of winning, which contradicts the rule if we consider the ""maximum probability"" in the context of winning. However, if we strictly apply the decision reason as stated (lower maximum probability), Lottery B would be preferred due to its 55% maximum probability being lower than A's 90%, which does not align with the individual's choice or justification.

FINAL ASSESSMENT: 0
The individual's justification and consideration focus on the probability of winning and expected value, not the maximum probability as defined by the decision reason. The decision reason, as stated, would actually lead to a preference for Lottery B if considering the maximum probability of any outcome, but the individual's choice and reasoning do not align with this. Thus, it is certain that the decision reason, as stated, was not used by the individual to make the decision."
6,", komplett leer auszugehen, bei A geringer war.

Please follow the step-by-step instructions provided and give your FINAL ASSESSMENT in the requested format.assistant

STEPS: 
To assess whether the decision reason was used by the individual, we will follow the step-by-step process as outlined.

Step 1: Assess if the decision reason can be applied to the decision problem.
The decision reason considers the maximum probability of each lottery and prefers the lottery with the lower value of this maximum probability. For Lottery A, the maximum probability is 99.8% (the probability of winning 0 Euros), and for Lottery B, it is 99.9% (the probability of winning 0 Euros). The information relevant to the decision reason can be derived from the lotteries' outcomes and probabilities, which are the probabilities of winning 0 Euros in both lotteries.

Step 2: Assess the verbal report.
First, evaluate and summarize the information considered by the individual: The individual considered the probabilities and the sums of winnings (theoretischer Gewinn), noting they were the same for both lotteries. They also considered the probability of winning nothing (leer ausgehen).
Second, evaluate and summarize the individual’s justification for the choice: The individual's justification was that the probability of winning nothing was lower for Lottery A.

Step 3: Assess whether the decision reason was used by the individual.
First, compare the information relevant to the decision reason with that considered by the individual: The decision reason focuses on the maximum probability of each lottery, which in this case is the probability of winning 0 Euros for both lotteries. The individual considered the probability of winning nothing, which aligns with the information relevant to the decision reason.
Second, compare the decision reason’s rule to the individual’s justification for the choice: The decision reason prefers the lottery with the lower maximum probability (in this case, the lower probability of winning 0 Euros), which is Lottery A with 99.8% compared to Lottery B's 99.9%. The individual's justification for choosing Lottery A was based on the lower probability of winning nothing, which directly aligns with the rule of the decision reason.

FINAL ASSESSMENT: 100 
The individual's consideration of the probabilities of winning nothing and their justification for choosing Lottery A based on this criterion directly align with the decision reason's focus on the maximum probability (probability of winning 0 Euros) and its preference for the lottery with the lower value of this probability. This alignment indicates that the individual used the decision reason to make the decision."
7,":
Ich habe zuerst A angeschaut, dann B. Ich habe mich für B entschieden, weil ich dort nur 3000 Euro verlieren, bei A hingegen rechnerisch 3200 Euro.

Please follow the step-by-step instructions provided and give your FINAL ASSESSMENT in the requested format.assistant

STEPS: 
Step 1: Assess if the decision reason can be applied to the decision problem. 
The decision reason considers the maximum probability of each lottery and prefers the lottery with the lower value of maximum probability. For Lottery A, the maximum probability is 80% (for -4000 Euros), and for Lottery B, the maximum probability is 100% (for -3000 Euros). The information relevant to the decision reason can be derived from the lotteries' outcomes and probabilities, which are 80% for Lottery A and 100% for Lottery B.

Step 2: Assess the verbal report. 
First, evaluate and summarize information considered by the individual: The individual considered the potential losses of both lotteries, specifically mentioning the loss of 3000 Euros in Lottery B and a calculated loss of 3200 Euros in Lottery A. 
Second, evaluate and summarize the individual’s justification for the choice: The individual chose Lottery B because they would only lose 3000 Euros, as opposed to the calculated loss of 3200 Euros in Lottery A.

Step 3: Assess whether the decision reason was used by the individual. 
First, compare the information relevant to the decision reason with that considered by the individual: The decision reason focuses on the maximum probability of each lottery (80% for A and 100% for B), but the individual's consideration is based on the potential losses and their calculation of expected loss, not directly on the probabilities.
Second, compare the decision reason’s rule to the individual’s justification for the choice: The decision reason prefers the lottery with the lower maximum probability, which would be Lottery A (80% vs 100%). However, the individual's justification is based on the amount of loss, not the probability of the loss. The individual chose Lottery B because of the lower loss amount, not because of the probability.

FINAL ASSESSMENT: 0"
8,":
Zuerst habe ich A, dann B angeschaut. Entschieden habe ich mich für B, da ich dort rechnerisch 750 Euro verliere, bei A hingegen 800 Euro.

Please follow the step-by-step instructions provided and give your FINAL ASSESSMENT in the requested format.assistant

STEPS: 
To assess whether the decision reason was used by the individual, we will follow the steps outlined.

Step 1: Assess if the decision reason can be applied to the decision problem.
The decision reason considers the maximum probability of each lottery and prefers the lottery with the lower value of maximum probability. For Lottery A, the maximum probability is 80% (for 0 Euros), and for Lottery B, the maximum probability is 75% (for 0 Euros). The information relevant to the decision reason can be derived from the lotteries' outcomes and probabilities, which are the maximum probabilities of 80% for Lottery A and 75% for Lottery B.

Step 2: Assess the verbal report.
First, evaluate and summarize the information considered by the individual: The individual considered the expected losses of both lotteries, calculating a loss of 750 Euros for Lottery B and 800 Euros for Lottery A.
Second, evaluate and summarize the individual’s justification for the choice: The individual chose Lottery B because it results in a lower expected loss (750 Euros) compared to Lottery A (800 Euros).

Step 3: Assess whether the decision reason was used by the individual.
First, compare the information relevant to the decision reason with that considered by the individual: The decision reason focuses on the maximum probabilities (80% for A and 75% for B), while the individual considered the expected losses.
Second, compare the decision reason’s rule to the individual’s justification for the choice: The decision reason prefers the lottery with the lower maximum probability, which would be Lottery B (75%); however, the individual's justification is based on expected losses, not probabilities.
Based on these comparisons, the individual's decision-making process does not align with the decision reason, as they considered expected losses rather than the maximum probabilities of the lotteries.

FINAL ASSESSMENT: 0"
9,"2700 Euro. Ich habe mich dann von der geringeren Wahrscheinlichkeit, überhaupt etwas zu verlieren, leiten lassen und B gewählt.

Please follow the step-by-step instructions provided and give your FINAL ASSESSMENT in the requested format.assistant

STEPS: 

Step 1: Assess if the decision reason can be applied to the decision problem.
The decision reason considers the maximum probability of each lottery and prefers the lottery with the lower value of maximum probability. For Lottery A, the maximum probability is 90% (for losing 3000 Euros), and for Lottery B, the maximum probability is 55% (for losing 0 Euros, but since we are looking at the maximum probability of any outcome, we actually consider the probability associated with the loss, which is 45% for -6000 Euros). Thus, the relevant information for the decision reason is the maximum probabilities of the lotteries: 90% for A and 55% is not the loss probability, so we look at the loss probability which is 45% for B. 

Step 2: Assess the verbal report.
First, evaluate and summarize the information considered by the individual: The individual considered the losses in both lotteries and the probability of losing.
Second, evaluate and summarize the individual’s justification for the choice: The individual chose based on the lower probability of losing any amount, which seems to imply they considered the probability of avoiding loss (or the probability of the zero outcome) rather than the maximum probability of loss directly.

Step 3: Assess whether the decision reason was used by the individual.
First, compare the information relevant to the decision reason with that considered by the individual: The decision reason focuses on the maximum probability of any outcome in each lottery, which in the context given should relate to the probability of loss since that's the relevant outcome for comparison. The individual, however, focused on the probability of losing any amount, which aligns more with avoiding the zero outcome's probability.
Second, compare the decision reason’s rule to the individual’s justification for the choice: The decision reason prefers the lottery with the lower maximum probability of any outcome (in this context, loss), but the individual's justification is about minimizing the probability of losing, which suggests looking at the probability of the non-loss outcome or directly at the loss probability in a manner that doesn't directly align with the reason's focus on maximum probabilities.

Given these comparisons, the individual's reasoning process as described in the verbal report does not directly align with the decision reason provided. The individual seems to have considered probabilities but in the context of minimizing loss probability rather than comparing maximum probabilities of outcomes as the decision reason dictates.

FINAL ASSESSMENT: 0"
10,"and give your FINAL ASSESSMENT in the requested format.assistant

STEPS: 
To assess whether the decision reason was used by the individual, we'll follow the steps outlined.

Step 1: Assess if the decision reason can be applied to the decision problem.
The decision reason considers the maximum probability of each lottery and prefers the one with the lower value of maximum probability. For Lottery A, the maximum probability is 99.8% (for 0 Euros), and for Lottery B, it's also 99.9% (for 0 Euros). The information relevant to the decision reason can be derived from the lotteries' outcomes and probabilities, which are the maximum probabilities of each lottery. The decision reason would prefer Lottery A because its maximum probability (99.8%) is lower than that of Lottery B (99.9%).

Step 2: Assess the verbal report.
First, evaluating the information considered by the individual: The individual considered the probabilities of both lotteries and noted that the factor/divisor is 2, implying they recognized the relationship between the probabilities and outcomes of the two lotteries. They also considered the absolute loss, comparing the 3000 Euros of Lottery A to the 6000 Euros of Lottery B.
Second, evaluating the individual’s justification for the choice: The individual chose Lottery A because the absolute loss is smaller (3000 Euros), making it less intimidating, even though the loss is twice as probable. This indicates the individual was influenced by the magnitude of potential losses and their relative probabilities.

Step 3: Assess whether the decision reason was used by the individual.
First, comparing the information relevant to the decision reason with that considered by the individual: The decision reason focuses on the maximum probabilities of the lotteries, but the individual's deliberation centered on the comparison of potential losses and their probabilities, not explicitly on the maximum probabilities of winning or losing.
Second, comparing the decision reason’s rule to the individual’s justification for the choice: The decision reason prefers the lottery with the lower maximum probability, which would be Lottery A due to its 99.8% probability of not losing versus Lottery B's 99.9%. However, the individual's justification for choosing Lottery A was based on the lesser absolute loss being less intimidating, despite acknowledging it was twice as probable, not directly on comparing the maximum probabilities.

FINAL ASSESSMENT: 0 
The individual's decision-making process, as described in the verbal report, does not align with the decision reason provided. The decision reason focuses on the maximum probability of each lottery, but the individual's justification for choosing Lottery A was based on the comparison of potential losses and their relative intimidation factor, not the maximum probabilities. Therefore, it is certain that the decision reason was not used by the individual."
11,". Das Ergebnis aus Gewinnsumme und Wahrscheinlichkeit multipliziert ist dasselbe, daher bin ich mit B auf Nummer sicher gegangen, denn damit gehe ich jedenfalls nicht leer aus.

Please follow the step-by-step instructions provided and give your FINAL ASSESSMENT in the requested format.assistant

STEPS: 
To assess whether the individual used the given decision reason, we will follow the step-by-step process as outlined.

Step 1: Assess if the decision reason can be applied to the decision problem.
The decision reason considers the maximum probability of each lottery and prefers the lottery with the lower value of maximum probability. For Lottery A, the maximum probability is 50% (for both outcomes), and for Lottery B, the maximum probability is 100% (for the single outcome). The relevant information for the decision reason is the comparison of these maximum probabilities. Thus, the decision reason can be applied to this decision problem, and it would prefer Lottery A because it has a lower maximum probability (50%) compared to Lottery B (100%).

Step 2: Assess the verbal report.
First, evaluate and summarize the information considered by the individual: The individual considered the outcome and probability of both lotteries and calculated the expected value (Gewinnsumme und Wahrscheinlichkeit multipliziert), finding it to be the same for both lotteries.
Second, evaluate and summarize the individual’s justification for the choice: The individual chose Lottery B because it guarantees a win, thus avoiding the risk of getting nothing.

Step 3: Assess whether the decision reason was used by the individual.
First, compare the information relevant to the decision reason with that considered by the individual: The decision reason focuses on the maximum probability of each lottery, while the individual considered the expected value (outcome multiplied by probability) and the guarantee of a win.
Second, compare the decision reason’s rule to the individual’s justification for the choice: The decision reason prefers the lottery with the lower maximum probability, which would be Lottery A. In contrast, the individual's justification for choosing Lottery B is based on avoiding a potential loss (going empty-handed), not on comparing the maximum probabilities of the two lotteries.

FINAL ASSESSMENT: 0 
The individual's decision-making process, as described in the verbal report, does not align with the decision reason provided. The individual's focus on expected value and risk avoidance does not indicate the use of the decision reason, which specifically considers the maximum probability of each lottery's outcomes. Therefore, it is certain that the decision reason was not used by the individual."
12,"Euro bei B. Daher bin ich auf den sicheren Verlust in geringerer Höhe gegangen.

Please follow the step-by-step instructions provided and give your FINAL ASSESSMENT in the requested format.assistant

STEPS: 

Step 1: Assess if the decision reason can be applied to the decision problem. 
The decision reason considers the maximum probability of each lottery and prefers the lottery with the lower value of maximum probability. 
For Lottery A, the maximum probability is 50% (for both -1000 Euros and 0 Euros outcomes). 
For Lottery B, the maximum probability is 100% (for the -500 Euros outcome). 
The information relevant to the decision reason can be derived from the lotteries' outcomes and probabilities, which are the maximum probabilities of each lottery: 50% for Lottery A and 100% for Lottery B.

Step 2: Assess the verbal report. 
First, evaluate and summarize information considered by the individual: 
The individual considered the potential loss of each lottery in relation to their current wealth (2000 Euros) and compared the potential losses, finding the certain loss of 500 Euros at Lottery B less painful than the possible loss of 1000 Euros at Lottery A.
Second, evaluate and summarize the individual’s justification for the choice: 
The individual chose Lottery B because the certain loss of 500 Euros seemed less painful compared to the potential loss of 1000 Euros at Lottery A, indicating a preference for the smaller certain loss over the potential larger loss.

Step 3: Assess whether the decision reason was used by the individual. 
First, compare the information relevant to the decision reason with that considered by the individual: 
The decision reason focuses on the maximum probability of each lottery (50% for A, 100% for B), but the individual's consideration was based on the perceived pain of the losses in relation to their current wealth, not directly on the probabilities.
Second, compare the decision reason’s rule to the individual’s justification for the choice: 
The decision reason prefers the lottery with the lower maximum probability (which would be Lottery A with 50%), but the individual chose Lottery B based on the preference for a smaller certain loss, not the probability.
Based on these comparisons, it appears the individual did not directly apply the decision reason that prefers the lottery with the lower value of maximum probability.

FINAL ASSESSMENT: 0"
13,"ich mir play it safe und bin auf B gegangen.

Please follow the step-by-step instructions provided and give your FINAL ASSESSMENT in the requested format.assistant

STEPS: 

Step 1: The decision reason considers the maximum probability of each lottery and prefers the one with the lower value of this maximum probability. To apply this reason to the given decision problem, we need to identify the maximum probability for each lottery. For Lottery A, the maximum probability is 75% (for winning 0 Euros). For Lottery B, the maximum probability is 50% (for winning 0 Euros). Thus, the relevant information for the decision reason is the comparison between these maximum probabilities: 75% for A and 50% for B.

Step 2: Evaluating the verbal report, the individual first considered both lotteries and noted that statistically, both offer the same expected value of 1500 Euros. The individual then focused on the probability of winning nothing, noting that this probability is halved in Lottery B compared to Lottery A. The justification for choosing Lottery B was to ""play it safe"" because of this reduced risk of winning nothing.

Step 3: Comparing the information relevant to the decision reason (the maximum probabilities of winning nothing in each lottery) with the information considered by the individual (the expected value and the specific probabilities of winning nothing), it's clear that the individual did consider the aspect of risk (probability of winning nothing) which aligns with the decision reason's focus on maximum probability. However, the decision reason specifically prefers the lottery with the lower maximum probability, which in this case is Lottery B due to its 50% maximum probability being lower than Lottery A's 75%. The individual's justification for choosing Lottery B was based on reducing the risk of winning nothing, which indirectly aligns with preferring the lottery with a lower maximum probability of an undesirable outcome (winning nothing). The individual did not explicitly mention comparing the maximum probabilities but was influenced by the comparative risk assessment that aligns with the spirit of the decision reason.

FINAL ASSESSMENT: 70 

This assessment indicates a high likelihood that the decision reason was used by the individual, as the verbal report shows consideration of the risk aspect that is central to the decision reason. However, since the individual did not explicitly compare the maximum probabilities or state the decision reason's rule, the assessment is not a perfect 100. The individual's focus on ""playing it safe"" due to the reduced risk in Lottery B suggests an implicit consideration of the probabilities in a manner that aligns with the decision reason, but without direct reference to the maximum probability comparison, the certainty of using this specific reason is somewhat reduced."
14,"the requested format.assistant

STEPS: 
To assess whether the decision reason was used by the individual, we will follow the provided steps.

Step 1: Assess if the decision reason can be applied to the decision problem.
The decision reason considers the maximum probability of each lottery and prefers the one with the lower value of this maximum probability. For Lottery A, the maximum probability is 75% (for 0 Euros). For Lottery B, the maximum probability is 50% (for 0 Euros). The relevant information for the decision reason can be derived from the lotteries' outcomes and probabilities. The decision reason would prefer Lottery B over Lottery A because 50% is less than 75%.

Step 2: Assess the verbal report.
First, we evaluate and summarize the information considered by the individual: The individual considered the expected loss of both lotteries, which they calculated to be the same (1500 Euros for each), and the distribution of outcomes, particularly focusing on the probability of not losing anything in Lottery A (75% chance of 0 Euros) compared to the distribution of losses in Lottery B.
Second, we evaluate and summarize the individual’s justification for the choice: The individual chose Lottery A because, despite the higher loss in the 25% chance, they preferred the 75% chance of not losing anything, indicating a preference for avoiding the certainty of some loss in favor of a higher chance of no loss.

Step 3: Assess whether the decision reason was used by the individual.
First, comparing the information relevant to the decision reason (maximum probability of each lottery) with that considered by the individual (expected loss and distribution of outcomes, especially the chance of no loss), we see that the individual did consider probabilities but focused more on the specific outcomes and their implications rather than the maximum probability as defined by the decision reason.
Second, comparing the decision reason’s rule (prefer the lottery with the lower maximum probability) to the individual’s justification (preferring the higher chance of no loss despite a potentially larger loss), it appears the individual's decision-making process does not directly align with the decision reason's rule. The individual preferred Lottery A over Lottery B for reasons related to the avoidance of loss and the high probability of no loss, not because Lottery A had a lower maximum probability (which it does not).

FINAL ASSESSMENT: 0"
15,"rechnerisch egal ist. Daher ist es A geworden.

Please follow the step-by-step instructions provided and give your FINAL ASSESSMENT in the requested format.assistant

STEPS: 
To assess whether the decision reason was used by the individual, we'll follow the step-by-step process outlined.

Step 1: Assess if the decision reason can be applied to the decision problem.
The decision reason considers the maximum probability of each lottery and prefers the one with the lower value of maximum probability. For Lottery A, the maximum probability is 99.9% (for winning 0 Euros), and for Lottery B, it's 100% (for winning 5 Euros). The information relevant to the decision reason can be derived from the lotteries' outcomes and probabilities: Lottery A has a maximum probability of 99.9%, and Lottery B has a maximum probability of 100%.

Step 2: Assess the verbal report.
First, evaluate and summarize the information considered by the individual: The individual considered both lotteries and mentions that the ""rechnerische Gesamtsumme"" (computational total sum) is the same, implying they considered the expected value or some form of quantitative comparison. They were tempted by the 5000 Euros in Lottery A but found the 5 Euros in Lottery B to be too low to consider, even though they acknowledge it's ""rechnerisch egal"" (computationally equal).
Second, evaluate and summarize the individual’s justification for the choice: The individual chose Lottery A because the high reward of 5000 Euros was tempting, and they seemed to dismiss Lottery B due to its low reward, despite acknowledging the computational equivalence.

Step 3: Assess whether the decision reason was used by the individual.
First, compare the information relevant to the decision reason with that considered by the individual: The decision reason focuses on the maximum probability of each lottery, which is not explicitly mentioned in the verbal report as a factor in the decision. The individual discusses the attractiveness of the rewards and the computational equivalence but does not mention comparing the probabilities of the lotteries directly in relation to the decision reason's criteria.
Second, compare the decision reason’s rule to the individual’s justification for the choice: The decision reason prefers the lottery with the lower maximum probability, which would be Lottery A. However, the individual's justification for choosing Lottery A is based on the attractiveness of the reward and not the comparison of maximum probabilities.

FINAL ASSESSMENT: 0 
The verbal report does not indicate that the individual considered the maximum probabilities of the lotteries as the basis for their decision. The decision reason's specific criterion (lower value of maximum probability) is not reflected in the individual's justification for choosing Lottery A. Therefore, it is certain that the decision reason was not used by the individual."
16,". Statistisch gesehen verliert man gleich viel Geld, allerdings habe ich auf die weit überwiegende Wahrscheinlichkeit gesetzt, gar nichts zu verlieren und daher A gewählt

Please follow the step-by-step instructions provided and give your FINAL ASSESSMENT in the requested format.assistant

STEPS: 
Step 1: Assess if the decision reason can be applied to the decision problem. 
The decision reason considers the maximum probability of each lottery and prefers the lottery with the lower value of maximum probability. 
For Lottery A, the maximum probability is 99.9% (for the outcome of 0 Euros). 
For Lottery B, the maximum probability is 100% (for the outcome of -5 Euros). 
The information relevant to the decision reason can be derived from the lotteries' outcomes and probabilities, which are: 
- The maximum probability of Lottery A is 99.9%.
- The maximum probability of Lottery B is 100%.

Step 2: Assess the verbal report. 
First, evaluate and summarize information considered by the individual: 
The individual considered the statistical aspect of the lotteries, comparing the expected loss, and the high probability of not losing any money in Lottery A. 
Second, evaluate and summarize the individual’s justification for the choice: 
The individual justified the choice of Lottery A by mentioning the high probability of not losing any money.

Step 3: Assess whether the decision reason was used by the individual. 
First, compare the information relevant to the decision reason with that considered by the individual: 
The decision reason focuses on the maximum probability of each lottery, which is not explicitly mentioned in the verbal report as the primary consideration. 
The individual considered the high probability of not losing money, but this does not directly align with comparing the maximum probabilities of the lotteries. 
Second, compare the decision reason’s rule to the individual’s justification for the choice: 
The decision reason prefers the lottery with the lower maximum probability, which would be Lottery A in this case. 
However, the individual's justification is based on the high probability of not losing money, not directly on comparing the maximum probabilities of the two lotteries. 
Based on these comparisons, it seems the individual did not directly apply the decision reason as described, but the choice aligns with what the decision reason would suggest (preferring A due to its lower maximum probability, albeit for different stated reasons).

FINAL ASSESSMENT: 20 
This assessment reflects that while the individual's choice aligns with what the decision reason would suggest, the verbal report does not indicate that the decision was made based on the specific rule of comparing maximum probabilities. The justification provided focuses on the high probability of not losing money, which is a different consideration. Therefore, it is unlikely that the decision reason was used as the primary basis for the decision."
17,".

Verbal report:
Zuerst habe ich A angeschaut, dann B. Ich habe nich für A entschieden, da ich dort 1500 Euro sicher gewinne, bei B käme ich rechnerisch hingegen auf Null.

Please follow the step-by-step instructions provided and give your FINAL ASSESSMENT in the requested format.assistant

STEPS: 
Step 1: Assess if the decision reason can be applied to the decision problem. 
The decision reason considers the maximum probability of each lottery and prefers the lottery with the lower value of maximum probability. 
For Lottery A, the maximum probability is 100% (for the outcome of 1500 Euros). 
For Lottery B, the maximum probability is 50% (for both outcomes of 3000 Euros and -3000 Euros). 
Since the maximum probabilities can be derived from the lotteries' outcomes and probabilities, the decision reason can be applied to this decision problem.

Step 2: Assess the verbal report. 
First, evaluate and summarize information considered by the individual: 
The individual considered the certain gain of 1500 Euros from Lottery A and the expected outcome of Lottery B, which they calculated would result in zero. 
Second, evaluate and summarize the individual’s justification for the choice: 
The individual chose Lottery A because it offers a certain gain of 1500 Euros, implying they preferred the certainty of the outcome over the uncertain outcomes of Lottery B.

Step 3: Assess whether the decision reason was used by the individual. 
First, compare the information relevant to the decision reason with that considered by the individual: 
The decision reason focuses on the maximum probability of each lottery, which is 100% for Lottery A and 50% for Lottery B. 
The individual, however, focused on the certainty of the gain from Lottery A and the calculated expected outcome of Lottery B, not explicitly discussing the maximum probabilities. 
Second, compare the decision reason’s rule to the individual’s justification for the choice: 
The decision reason prefers the lottery with the lower maximum probability, which would be Lottery B in this case (50% vs. 100%). 
However, the individual chose Lottery A, citing the certainty of its outcome, not the comparison of maximum probabilities. 
Given these comparisons, it appears the individual did not explicitly use the decision reason based on the maximum probability to make their decision.

FINAL ASSESSMENT: 0"
18,"maximum probability.

Verbal report:
Zuerst habe ich A, dann B angeschaut. 2000 Euro sicherer Gewinn sind ansprechender als rechnerischer Gewinn von 0 Euro bei B. Daher ist es A geworden.

Please follow the step-by-step instructions provided and give your FINAL ASSESSMENT in the requested format.assistant

STEPS: 
To assess whether the individual used the decision reason to make the decision, I will follow the steps outlined.

Step 1: Assess if the decision reason can be applied to the decision problem.
The decision reason considers the maximum probability of each lottery and prefers the lottery with the lower value of maximum probability. For Lottery A, the maximum probability is 100% (for the outcome of 2000 Euros). For Lottery B, the maximum probability is 50% (for both outcomes of 3000 Euros and -3000 Euros). The information relevant to the decision reason can be derived from the lotteries' outcomes and probabilities, which are: 
- Lottery A has a maximum probability of 100%.
- Lottery B has a maximum probability of 50%.
This information is relevant for applying the decision reason.

Step 2: Assess the verbal report.
First, evaluate and summarize the information considered by the individual: 
The individual considered the certain gain of 2000 Euros from Lottery A and compared it to the ""rechnerischer Gewinn"" (computed gain) of 0 Euros from Lottery B. This implies the individual considered the outcomes and possibly the probabilities of the lotteries.
Second, evaluate and summarize the individual’s justification for the choice: 
The individual justified the choice of Lottery A because a certain gain of 2000 Euros is more appealing than a computed gain of 0 Euros from Lottery B. The focus here is on the certainty of the gain from Lottery A.

Step 3: Assess whether the decision reason was used by the individual.
First, compare the information relevant to the decision reason with that considered by the individual: 
The decision reason requires the comparison of the maximum probabilities of the lotteries, which is 100% for Lottery A and 50% for Lottery B. The individual considered the certainty of the gain (which relates to the probability) but did not explicitly compare the maximum probabilities of the two lotteries in the verbal report.
Second, compare the decision reason’s rule to the individual’s justification for the choice: 
The decision reason prefers the lottery with the lower value of maximum probability, which would be Lottery B (50% maximum probability). However, the individual chose Lottery A because of the certainty of the gain, not explicitly because it had a lower or higher maximum probability. The individual's justification does not directly align with the decision reason's rule, as the focus was on the certainty and appeal of the gain rather than the comparison of maximum probabilities.

FINAL ASSESSMENT: 0 
The individual's verbal report does not indicate that the decision reason, which prefers the lottery with the lower value of maximum probability, was used to make the decision. The focus on the certainty of the gain and the appeal of a computed gain does not align with the decision reason's rule, and there is no explicit comparison of the maximum probabilities of the two lotteries in the verbal report."
19,"The reason prefers the lottery with the lower value of maximum probability.

Verbal report:
Zuerst habe ich A, dann B angeschaut. Bei A bleibt man rechnerisch auf Null, bei B gewinnt man in jedem Fall. Daher ist es B geworden.

Please follow the step-by-step instructions provided and give your FINAL ASSESSMENT in the requested format.assistant

STEPS: 

Step 1: Assess if the decision reason can be applied to the decision problem.
The decision reason considers the maximum probability of each lottery and prefers the lottery with the lower value of maximum probability. For Lottery A, the maximum probability is 50% (for both outcomes), and for Lottery B, the maximum probability is 100% (for the single outcome). The information relevant to the decision reason can be derived from the lotteries' outcomes and probabilities, which are: 
- Maximum probability of Lottery A: 50%
- Maximum probability of Lottery B: 100%

Step 2: Assess the verbal report.
First, evaluate and summarize information considered by the individual: The individual considered the expected outcome of Lottery A (remaining ""rechnerisch auf Null"", which translates to ""mathematically at zero"") and the guaranteed win of Lottery B (""in jedem Fall"", which means ""in every case"").
Second, evaluate and summarize the individual’s justification for the choice: The individual chose Lottery B because it guarantees a win, implying that the certainty of the outcome was a key factor in the decision.

Step 3: Assess whether the decision reason was used by the individual.
First, compare the information relevant to the decision reason with that considered by the individual: The decision reason focuses on the maximum probability of each lottery, but the individual's consideration was more about the certainty of the outcome and the expected value rather than directly comparing the maximum probabilities.
Second, compare the decision reason’s rule to the individual’s justification for the choice: The decision reason prefers the lottery with the lower maximum probability, which would be Lottery A (50% vs. 100%). However, the individual chose Lottery B, not because it has a lower maximum probability, but because it guarantees a win. This suggests the individual's justification does not align with the rule of the decision reason.

FINAL ASSESSMENT: 0"
20,"each lottery. The reason prefers the lottery with the lower value of maximum probability.

Verbal report:
Zuerst habe ich A, dann B angeschaut. Die Ergebnisse sind rechnerisch dieselben. Hier bin ich auf Risiko gegangen und habe mich für A entschieden.

Please follow the step-by-step instructions provided and give your FINAL ASSESSMENT in the requested format.assistant

STEPS: 
To assess whether the individual used the given decision reason, we will follow the steps outlined.

Step 1: Assess if the decision reason can be applied to the decision problem.
The decision reason considers the maximum probability of each lottery and prefers the one with the lower value of maximum probability. For Lottery A, the maximum probability is 50% (for both outcomes), and for Lottery B, the maximum probability is 100% (for the outcome of 0 Euros). The relevant information for the decision reason can be derived from the lotteries' outcomes and probabilities, which are: 
- Lottery A has a maximum probability of 50%.
- Lottery B has a maximum probability of 100%.
This information is sufficient to apply the decision reason.

Step 2: Assess the verbal report.
First, evaluate and summarize the information considered by the individual: 
The individual mentions looking at both lotteries (A and B) and notes that the outcomes are ""rechnerisch dieselben,"" which translates to ""the same in terms of calculation"" or ""computationally the same."" This implies the individual considered the expected values or the overall risk profile of the lotteries.

Second, evaluate and summarize the individual’s justification for the choice: 
The individual decided to ""gehen auf Risiko"" (take a risk) and chose Lottery A. This suggests that the individual's decision was influenced by a willingness to take on risk rather than strictly following a calculative or probabilistic approach.

Step 3: Assess whether the decision reason was used by the individual.
First, compare the information relevant to the decision reason with that considered by the individual: 
The decision reason focuses on the maximum probability of each lottery's outcomes. However, the individual's consideration seems more aligned with the overall risk or the calculated outcomes being the same, rather than specifically focusing on the maximum probability of the outcomes.

Second, compare the decision reason’s rule to the individual’s justification for the choice: 
The decision reason prefers the lottery with the lower maximum probability, which would be Lottery A. The individual chose Lottery A but justified this choice by mentioning taking a risk, not by comparing the maximum probabilities of the outcomes.

Based on these comparisons, it appears the individual did not explicitly use the decision reason that prefers the lottery with the lower value of maximum probability. The individual's focus was more on the overall risk and computational equivalence rather than the specific probabilities of the outcomes.

FINAL ASSESSMENT: 0"
