problemID,response
1,"inns in Lotterie B als das Risiko in Lotteie A. In der Lotter B ist das Risiko zu verlieren sehr gering, dennoch ist der Unterschied des zu Gewinnenden betrages zu niedrig für mich, um das Risiko einzugehen.

Please follow the step-by-step instructions provided and give your FINAL ASSESSMENT in the requested format.assistant

STEPS: 
To assess whether the individual used the given decision reason, we'll follow the steps outlined:

Step 1: Assess if the decision reason can be applied to the decision problem.
The decision reason considers the probability of the maximum outcome of each lottery and prefers the lottery with the lower probability of the maximum outcome. 
For Lottery A, the maximum outcome is 2500 Euros with a probability of 33%. 
For Lottery B, the maximum (and only) outcome is 2400 Euros with a probability of 100%. 
Thus, the relevant information for the decision reason can be derived from the lotteries' outcomes and probabilities: 
- Lottery A: 33% chance of the maximum outcome (2500 Euros).
- Lottery B: 100% chance of its maximum outcome (2400 Euros).

Step 2: Assess the verbal report.
First, evaluate and summarize the information considered by the individual: 
The individual considered the security of the win in Lottery B and the risk in Lottery A, focusing on the risk of losing and the difference in the amounts to be won.
Second, evaluate and summarize the individual’s justification for the choice: 
The individual prefers the security of the win in Lottery B because the risk of losing is very low, implying that the potential gain in Lottery A is not enough to justify taking the risk.

Step 3: Assess whether the decision reason was used by the individual.
First, compare the information relevant to the decision reason with that considered by the individual: 
The decision reason focuses on the probability of the maximum outcome, which is not explicitly mentioned as a consideration by the individual. Instead, the individual talks about the security of the win and the risk of losing.
Second, compare the decision reason’s rule to the individual’s justification for the choice: 
The decision reason prefers the lottery with the lower probability of the maximum outcome, which would be Lottery A (33% for 2500 Euros) over Lottery B (100% for 2400 Euros). However, the individual's justification is based on preferring the security (lower risk) of Lottery B, not directly addressing the probability of the maximum outcomes.

FINAL ASSESSMENT: 0 
The individual's reasoning, as described in the verbal report, does not align with the decision reason's focus on the probability of the maximum outcome. The individual prioritizes the security of the win and the risk of losing, which does not directly relate to comparing the probabilities of the maximum outcomes of the two lotteries. Therefore, it is certain that the decision reason was not used by the individual."
2,"with 34% probability
0 Euros with 66% probability

Decision reason:
The reason considers the probability of the maximum outcome of each lottery. The reason prefers the lottery with the lower probability of the maximum outcome.

Verbal report:
Aufgrund dessen, dass ich in beiden Lotterien keinen Verlust erleiden würde, wähle ich zwar die geringere Wahrscheinlichkeit auf einen Erfolg, dafür aber einen höheren Gewinn.

Please follow the step-by-step instructions provided and give your FINAL ASSESSMENT in the requested format.assistant

STEPS: 
To assess whether the individual used the given decision reason, we'll follow the steps outlined.

Step 1: Assess if the decision reason can be applied to the decision problem.
The decision reason considers the probability of the maximum outcome of each lottery and prefers the lottery with the lower probability of the maximum outcome. 
For Lottery A, the maximum outcome is 2500 Euros with a 33% probability.
For Lottery B, the maximum outcome is 2400 Euros with a 34% probability.
The relevant information for the decision reason is the probability of the maximum outcome for each lottery, which can be derived from the given lotteries.

Step 2: Assess the verbal report.
First, evaluate and summarize information considered by the individual: 
The individual mentions considering that they would not incur a loss in either lottery and chooses based on the lower probability of success but with a higher gain.
Second, evaluate and summarize the individual’s justification for the choice: 
The justification seems to focus on the trade-off between the probability of success and the amount of the gain, indicating a consideration of both probability and outcome value.

Step 3: Assess whether the decision reason was used by the individual.
First, compare the information relevant to the decision reason with that considered by the individual: 
The decision reason specifically looks at the probability of the maximum outcome, which is not directly mentioned as a sole criterion in the verbal report. The individual discusses the concept of probability and outcome but in a combined manner rather than isolating the probability of the maximum outcome as the decision reason does.
Second, compare the decision reason’s rule to the individual’s justification for the choice: 
The decision reason prefers the lottery with the lower probability of the maximum outcome, which would lead to preferring Lottery A (33% probability for 2500 Euros) over Lottery B (34% probability for 2400 Euros). The individual's justification hints at a consideration of both probability and the amount of gain, suggesting a potential alignment with preferring a higher gain at a lower probability, but it does not clearly state a preference for the lower probability of the maximum outcome as the sole decision criterion.

FINAL ASSESSMENT: 20
This assessment reflects that while the individual considers aspects related to the decision reason (probability and outcome), the specific rule of the decision reason (preferring the lottery with the lower probability of the maximum outcome) is not clearly articulated or directly applied in the verbal report. The individual's focus seems more on the balance between probability and gain rather than solely on the probability of achieving the maximum outcome. Therefore, it's unlikely that the decision reason was used as the primary basis for the decision."
3,"the maximum outcome.

Verbal report:
Bei Lotterie A gibt es eine 100% Chance zu Gewinnen. Bei Lotterie B ist zwar die Wahrscheinlichkeit hoch mehr Geld zu gewinnen als zu verlieren, dennoch entscheide ich mich eher für die Sicherheit des Gewinns an sich, als für das Risiko zu verlieren.

Please follow the step-by-step instructions provided and give your FINAL ASSESSMENT in the requested format.assistant

STEPS: 
To assess whether the individual used the given decision reason, we will follow the steps outlined.

Step 1: Assess if the decision reason can be applied to the decision problem.
The decision reason considers the probability of the maximum outcome of each lottery and prefers the lottery with the lower probability of the maximum outcome. For Lottery A, the maximum outcome is 3000 Euros with a 100% probability. For Lottery B, the maximum outcome is 4000 Euros with an 80% probability. The information relevant to the decision reason can be derived from the lotteries' outcomes and probabilities, which are: 
- Lottery A: 100% chance of 3000 Euros
- Lottery B: 80% chance of 4000 Euros

Step 2: Assess the verbal report.
First, evaluate and summarize the information considered by the individual: The individual considers the 100% chance of winning with Lottery A and the higher probability of winning more money with Lottery B, but also notes the risk of losing.
Second, evaluate and summarize the individual’s justification for the choice: The individual prefers the security of the win itself over the risk of losing, which implies a preference for certainty over potential higher gain with risk.

Step 3: Assess whether the decision reason was used by the individual.
First, compare the information relevant to the decision reason with that considered by the individual: The individual considers the certainty of winning with Lottery A and the risk associated with Lottery B, which aligns with evaluating the probabilities of the outcomes but does not directly mention comparing the probabilities of the maximum outcomes as the decision reason suggests.
Second, compare the decision reason’s rule to the individual’s justification for the choice: The decision reason prefers the lottery with the lower probability of the maximum outcome, which would be Lottery B (80% probability of the maximum outcome) over Lottery A (100% probability of its maximum outcome). However, the individual's justification focuses on the security of the win, not explicitly on the probability of the maximum outcome. The individual chooses Lottery A, which has a higher probability of its maximum outcome (100%) compared to Lottery B's maximum outcome probability (80%), contrary to what the decision reason would suggest.

Given these comparisons, the individual's choice and justification do not align with the decision reason's rule, which prefers the lottery with the lower probability of the maximum outcome. The individual prioritizes the certainty of a win over the potential for a higher win with some risk, not the specific probability of the maximum outcome as the decision reason dictates.

FINAL ASSESSMENT: 0"
4,"STEPS: 
Step 1: The decision reason considers the probability of the maximum outcome of each lottery and prefers the lottery with the lower probability of the maximum outcome. For Lottery A, the maximum outcome is 3000 Euros with a 25% probability, and for Lottery B, the maximum outcome is 4000 Euros with a 20% probability. The relevant information for the decision reason is the probabilities of the maximum outcomes, which are 25% for Lottery A and 20% for Lottery B.

Step 2: Evaluating the verbal report, the individual considers the probabilities of winning in both lotteries to be similar but notes that Lottery A has a 5% higher probability of winning, although the winnings are lower. The individual also acknowledges the high risk of losing in both lotteries. The justification for choosing Lottery B is based on the potential for a higher gain if the 20% probability of winning occurs, despite both lotteries having a low chance of winning. The individual decides to take the higher risk for the potential higher reward.

Step 3: Comparing the information relevant to the decision reason (probabilities of the maximum outcomes) with that considered by the individual (probabilities of winning and potential gains), it appears the individual is aware of the probabilities but focuses more on the potential gains and the risk rather than strictly on the probability of the maximum outcome. The decision reason's rule prefers the lottery with the lower probability of the maximum outcome, which would be Lottery B (20% probability for the maximum outcome). The individual's justification for choosing Lottery B is based on the potential for a higher gain, not directly on the lower probability of the maximum outcome. However, the outcome of the decision aligns with what the decision reason would suggest (preferring Lottery B), but the reasoning process described does not directly align with the decision reason's rule.

FINAL ASSESSMENT: 20 
This assessment reflects that while the individual's choice aligns with what the decision reason would suggest (choosing Lottery B), the verbal report does not indicate that the decision was made based on the specific rule of preferring the lottery with the lower probability of the maximum outcome. The individual's reasoning is more focused on the potential for higher gains and the comparative risks, rather than the specific probabilities of achieving the maximum outcomes."
5,"0 Euros with 90% probability
0 Euros with 10% probability

Decision reason:
The reason considers the probability of the maximum outcome of each lottery. The reason prefers the lottery with the lower probability of the maximum outcome.

Verbal report:
Die Wahrscheinlichkeit in Lotterie A einen Gewinn zu erzielen ist höher als in Lotterie B. Auch wenn der Gewinn niedriger ist, wähle ich Lotterie A.

Please follow the step-by-step instructions provided and give your FINAL ASSESSMENT in the requested format.assistant

STEPS: 
Step 1: Assess if the decision reason can be applied to the decision problem. 
The decision reason considers the probability of the maximum outcome of each lottery. In Lottery A, the maximum outcome is 3000 Euros with a probability of 90%. In Lottery B, the maximum outcome is 6000 Euros with a probability of 45%. The information relevant to the decision reason can be derived from the lotteries' outcomes and probabilities, which are: 
- Lottery A: 90% chance of 3000 Euros
- Lottery B: 45% chance of 6000 Euros
Since the decision reason prefers the lottery with the lower probability of the maximum outcome, it would prefer Lottery B over Lottery A based on the given probabilities.

Step 2: Assess the verbal report. 
First, evaluate and summarize information considered by the individual: 
The individual considered the probability of winning in each lottery and compared them, noting that the probability of winning in Lottery A is higher than in Lottery B. They also considered the actual amount of the win, acknowledging that while the win in Lottery A is lower, they still chose Lottery A.

Second, evaluate and summarize the individual’s justification for the choice: 
The individual's justification for choosing Lottery A is based on the higher probability of winning in Lottery A compared to Lottery B, despite the lower win amount.

Step 3: Assess whether the decision reason was used by the individual. 
First, compare the information relevant to the decision reason with that considered by the individual: 
The decision reason focuses on the probability of the maximum outcome, which would lead to a preference for Lottery B due to its lower probability of the maximum outcome (45% for 6000 Euros). However, the individual focused on the overall probability of winning, which led them to prefer Lottery A because of its higher probability of winning (90% for 3000 Euros). This indicates a mismatch in the information considered relevant by the decision reason and the individual.

Second, compare the decision reason’s rule to the individual’s justification for the choice: 
The decision reason's rule is to prefer the lottery with the lower probability of the maximum outcome, which would be Lottery B. In contrast, the individual's justification is based on preferring the higher probability of winning, which led them to choose Lottery A. This comparison shows that the individual's decision-making rule, as described, does not align with the decision reason provided.

Based on these comparisons, it appears that the individual did not use the decision reason to make the decision, as their focus and justification do not align with the decision reason's criteria.

FINAL ASSESSMENT: 0"
6,"with 0.2% probability
0 Euros with 99.8% probability

Decision reason:
The reason considers the probability of the maximum outcome of each lottery. The reason prefers the lottery with the lower probability of the maximum outcome.

Verbal report:
In beiden Lotterien erziele ich keine Verluste. Daher entscheide ich mich hier für die geringere Gewinnchance mit höherem Gewinn.

Please follow the step-by-step instructions provided and give your FINAL ASSESSMENT in the requested format.assistant

STEPS: 
To assess whether the decision reason was used by the individual, we follow the step-by-step approach.

Step 1: Assess if the decision reason can be applied to the decision problem.
The decision reason considers the probability of the maximum outcome of each lottery and prefers the lottery with the lower probability of the maximum outcome. 
For Lottery A, the maximum outcome is 3000 Euros with a probability of 0.2%.
For Lottery B, the maximum outcome is 6000 Euros with a probability of 0.1%.
The relevant information for the decision reason is the probability of the maximum outcome for each lottery: 0.2% for Lottery A and 0.1% for Lottery B.

Step 2: Assess the verbal report.
First, evaluate and summarize the information considered by the individual: The individual mentions that they incur no losses in either lottery and decides based on the lower win chance with a higher win.
Second, evaluate and summarize the individual’s justification for the choice: The individual prefers the lottery with the lower win chance but higher win amount.

Step 3: Assess whether the decision reason was used by the individual.
First, compare the information relevant to the decision reason with that considered by the individual: The decision reason focuses on the probability of the maximum outcome, which aligns with the individual considering the ""lower win chance.""
Second, compare the decision reason’s rule to the individual’s justification for the choice: The decision reason prefers the lottery with the lower probability of the maximum outcome, and the individual decides based on the ""lower win chance with a higher win,"" which suggests a focus on the probability of winning and the amount won.

Given these comparisons, it seems the individual's decision-making process aligns with considering the probability of the maximum outcome and preferring the lower probability of the maximum outcome, which is in line with the decision reason.

FINAL ASSESSMENT: 100"
7,"each reasoning step>
FINAL ASSESSMENT: <provide final numerical assessment>user

Decision problem:
Lottery A:
-4000 Euros with 80% probability
0 Euros with 20% probability

Lottery B:
-3000 Euros with 100% probability

Decision reason:
The reason considers the probability of the maximum outcome of each lottery. The reason prefers the lottery with the lower probability of the maximum outcome.

Verbal report:
Ich wähle eher die Option keinen Verlust erzielen zu können, als mit sicherheit zu verlieren.

Please follow the step-by-step instructions provided and give your FINAL ASSESSMENT in the requested format.assistant

STEPS: 
To assess whether the individual used the given decision reason, let's break down the task into the specified steps.

Step 1: Assess if the decision reason can be applied to the decision problem.
The decision reason considers the probability of the maximum outcome of each lottery and prefers the lottery with the lower probability of the maximum outcome. For Lottery A, the maximum outcome is 0 Euros with a 20% probability, and for Lottery B, the maximum outcome (or the only outcome, in this case) is -3000 Euros with a 100% probability. The relevant information for the decision reason is:
- Lottery A: 20% chance of 0 Euros (maximum outcome)
- Lottery B: 100% chance of -3000 Euros (maximum outcome)
This information can be derived from the lotteries' outcomes and probabilities, so we can proceed.

Step 2: Assess the verbal report.
First, evaluate and summarize the information considered by the individual: 
The individual mentions preferring the option of not being able to incur a loss (""keinen Verlust erzielen zu können"") over losing with certainty (""mit sicherheit zu verlieren""). This implies the individual considers the aspect of avoiding a loss.

Second, evaluate and summarize the individual’s justification for the choice: 
The justification seems to focus on the avoidance of certain loss, suggesting that the individual values the possibility of not losing (even if it's just a chance) over the certainty of a loss.

Step 3: Assess whether the decision reason was used by the individual.
First, compare the information relevant to the decision reason with that considered by the individual: 
The decision reason is about the probability of the maximum outcome (0 Euros for A, -3000 Euros for B), but the individual's focus seems to be on avoiding a loss, which aligns with preferring the lower probability of the maximum outcome indirectly, since the maximum outcome of Lottery A (0 Euros) has a lower probability than the certain loss of Lottery B.

Second, compare the decision reason’s rule to the individual’s justification for the choice: 
The decision reason prefers the lottery with the lower probability of the maximum outcome. The individual prefers avoiding a certain loss, which aligns with choosing Lottery A because it offers a chance (20%) of not losing, fitting the decision reason's rule if we interpret the individual's focus on loss avoidance as valuing the lower probability of the best outcome (no loss).

Based on these comparisons, the individual's reasoning seems to align with the decision reason, as they both lead to a preference for Lottery A due to its lower probability of the maximum outcome (in this context, the maximum outcome being no loss).

FINAL ASSESSMENT: 80"
8,"Decision reason:
The reason considers the probability of the maximum outcome of each lottery. The reason prefers the lottery with the lower probability of the maximum outcome.

Verbal report:
In beiden Lotterien ist die Wahrscheinlichkeit zu verlieren geringer als nichts zu verlieren. Hier wähle ich die option, bei der ich weniger Verlust machen würde, da ich keine Chance habe etwas zu Gewinnen.

Please follow the step-by-step instructions provided and give your FINAL ASSESSMENT in the requested format.assistant

STEPS: 

Step 1: Assess if the decision reason can be applied to the decision problem. 
The decision reason considers the probability of the maximum outcome of each lottery. In Lottery A, the maximum outcome is 0 Euros with a probability of 75%, and in Lottery B, the maximum outcome is also 0 Euros with a probability of 80%. Since both lotteries have the same maximum outcome (0 Euros), the relevant information for the decision reason is the probabilities of this outcome: 75% for Lottery A and 80% for Lottery B.

Step 2: Assess the verbal report. 
First, evaluate and summarize information considered by the individual: The individual considers the probability of losing in both lotteries and notes that the probability of losing is less than the probability of not losing (which implies they are focusing on the probability of the 0 Euro outcome). 
Second, evaluate and summarize the individual’s justification for the choice: The individual chooses the option where they would lose less, as they see no chance of winning.

Step 3: Assess whether the decision reason was used by the individual. 
First, compare the information relevant to the decision reason with that considered by the individual: The decision reason focuses on the probability of the maximum outcome (0 Euros), which is considered by the individual but in the context of losing less, not directly applying the rule of preferring the lower probability of the maximum outcome.
Second, compare the decision reason’s rule to the individual’s justification for the choice: The decision reason prefers the lottery with the lower probability of the maximum outcome (which would be Lottery A with 75% probability of 0 Euros), but the individual's justification is about losing less, not directly about the probability of the maximum outcome.

FINAL ASSESSMENT: 20 
The individual's focus is on minimizing loss rather than directly applying the rule related to the probability of the maximum outcome, indicating that while there might be some alignment in the consideration of outcomes, the decision reason as stated does not directly guide the individual's choice. The assessment is closer to certainty that the decision reason was not used but acknowledges a slight possibility of indirect influence due to the consideration of the probability of not losing."
9,"55% probability

Lottery A:
-3000 Euros with 90% probability
0 Euros with 10% probability

Decision reason:
The reason considers the probability of the maximum outcome of each lottery. The reason prefers the lottery with the lower probability of the maximum outcome.

Verbal report:
Hier entscheide ich mich für die höhere Wahrscheinlichkeit keinen Verlust zu erzielen. Dafür nehme ich auch einen höheren Verlust in kauf.

Please follow the step-by-step instructions provided and give your FINAL ASSESSMENT in the requested format.assistant

STEPS: 
To assess whether the individual used the given decision reason, we'll follow the steps outlined.

Step 1: Assess if the decision reason can be applied to the decision problem.
The decision reason considers the probability of the maximum outcome of each lottery and prefers the one with the lower probability of the maximum outcome. For Lottery A, the maximum outcome (in terms of being the least negative or the best outcome) is -3000 Euros with a 90% probability, and for Lottery B, it's -6000 Euros with a 45% probability. However, considering the context of ""maximum outcome"" in a decision-making process typically refers to the best possible outcome, we interpret the decision reason as considering the probability of achieving the least negative (or best) outcome in the context of these lotteries, which are the outcomes of 0 Euros for both. Thus, for Lottery A, the probability of the ""best"" outcome (0 Euros) is 10%, and for Lottery B, it's 55%. The relevant information for the decision reason is the probabilities of these outcomes: 10% for Lottery A and 55% for Lottery B.

Step 2: Assess the verbal report.
First, evaluate and summarize information considered by the individual: The individual considered the probability of not incurring a loss (achieving 0 Euros) as the basis for their decision.
Second, evaluate and summarize the individual’s justification for the choice: The individual chose based on the higher probability of not incurring a loss and was willing to accept a potentially higher loss (in terms of magnitude) in exchange for this higher probability of no loss.

Step 3: Assess whether the decision reason was used by the individual.
First, compare the information relevant to the decision reason with that considered by the individual: The decision reason focuses on the probability of the best outcome (0 Euros in this context), which aligns with the individual's consideration of the probability of not incurring a loss.
Second, compare the decision reason’s rule to the individual’s justification for the choice: The decision reason prefers the lottery with the lower probability of the maximum (best) outcome, which would be Lottery A (10% chance of 0 Euros). However, the individual's justification is based on preferring the higher probability of not incurring a loss, which aligns with choosing Lottery A because it has a higher probability of avoiding the loss (90% chance of -3000 Euros implies a 10% chance of 0 Euros, but the focus is on avoiding loss, not achieving the best outcome as defined by the decision reason).

Given these comparisons, there seems to be a misunderstanding in directly applying the decision reason as stated to the individual's thought process. The individual's focus is on minimizing the chance of any loss, which indirectly aligns with the outcomes but does not directly follow the decision reason's rule as it's described (preferring the lower probability of the best outcome). The decision reason and the individual's justification both lead to the selection of Lottery A, but the reasoning provided in the verbal report does not directly match the decision reason's criteria.

FINAL ASSESSMENT: 20 
This assessment reflects that while the individual's choice aligns with what the decision reason would suggest (preferring Lottery A), the reasoning provided in the verbal report does not directly align with the decision reason's criteria of preferring the lottery with the lower probability of the maximum outcome. The individual's focus is on avoiding loss, which leads to a similar choice but through a different rationale."
10,"-6000 Euros with 0.1% probability
0 Euros with 99.9% probability

Lottery A:
-3000 Euros with 0.2% probability
0 Euros with 99.8% probability

Decision reason:
The reason considers the probability of the maximum outcome of each lottery. The reason prefers the lottery with the lower probability of the maximum outcome.

Verbal report:
Ich entscheide mich hier für die höchste Wahrscheinlichkeit keinen Verlust zu erzielen.

Please follow the step-by-step instructions provided and give your FINAL ASSESSMENT in the requested format.assistant

STEPS: 
To assess whether the decision reason was used by the individual, we will follow the steps outlined.

Step 1: Assess if the decision reason can be applied to the decision problem.
The decision reason considers the probability of the maximum outcome of each lottery and prefers the lottery with the lower probability of the maximum outcome. For Lottery B, the maximum outcome is -6000 Euros with a 0.1% probability. For Lottery A, the maximum outcome is -3000 Euros with a 0.2% probability. The information relevant to the decision reason can be derived from the lotteries' outcomes and probabilities, which are: 
- Lottery B has a 0.1% chance of its maximum outcome.
- Lottery A has a 0.2% chance of its maximum outcome.

Step 2: Assess the verbal report.
First, evaluate and summarize information considered by the individual: 
The individual considered the probability of not incurring a loss (i.e., achieving the highest probability of no loss).
Second, evaluate and summarize the individual’s justification for the choice: 
The individual's justification is based on choosing the option with the highest probability of not incurring a loss, which translates to choosing the option with the highest probability of the 0 Euro outcome.

Step 3: Assess whether the decision reason was used by the individual.
First, compare the information relevant to the decision reason with that considered by the individual: 
The decision reason focuses on the probability of the maximum outcome (in this case, the negative outcomes), while the individual focuses on the probability of not incurring a loss (0 Euro outcome). These are not directly comparable since the decision reason is about minimizing the probability of the worst outcome, and the individual's focus is on maximizing the probability of the best outcome (0 Euros).
Second, compare the decision reason’s rule to the individual’s justification for the choice: 
The decision reason's rule prefers the lottery with the lower probability of the maximum outcome, which would be Lottery B (0.1% chance of -6000 Euros). The individual's justification, however, is about avoiding loss, which does not directly align with the decision reason's rule since the individual is considering the probability of the 0 Euro outcome, not the probability of the maximum loss.

FINAL ASSESSMENT: 0 
The individual's focus on avoiding loss and maximizing the probability of the 0 Euro outcome does not align with the decision reason's focus on minimizing the probability of the maximum outcome. Therefore, it is certain that the decision reason was not used by the individual."
11,"Euros with 100% probability

Decision reason:
The reason considers the probability of the maximum outcome of each lottery. The reason prefers the lottery with the lower probability of the maximum outcome.

Verbal report:
In dieser Lotterie gibt es ebenfalls keine Verluste für mich. Daher entscheide ich mich diesmal für eine geringere Gewinnchance mit höherem Gewinn, als für die Sicherheit des Gewinns an sich.

Please follow the step-by-step instructions provided and give your FINAL ASSESSMENT in the requested format.assistant

STEPS: 
Step 1: The decision reason can be applied to the decision problem. The information relevant to the decision reason includes the probability of the maximum outcome of each lottery. For Lottery A, the maximum outcome is 1000 Euros with a probability of 50%. For Lottery B, the maximum outcome is 500 Euros with a probability of 100%. This information can be derived from the lotteries' outcomes and probabilities.

Step 2: Evaluating the verbal report, the individual considers the absence of losses in the lottery and decides to choose a lower chance of winning with a higher potential gain over the security of a guaranteed win. The information considered by the individual seems to involve the trade-off between the probability of winning and the amount of the potential win. The individual's justification for the choice appears to prioritize the potential for a higher gain, despite the lower probability, over the certainty of a smaller gain.

Step 3: Comparing the information relevant to the decision reason (the probability of the maximum outcome) with that considered by the individual (the trade-off between the probability of winning and the amount of the potential win), there seems to be a partial alignment. The individual does consider the probability of winning and its relation to the potential gain, but the specific focus on the ""probability of the maximum outcome"" as defined by the decision reason is not explicitly mentioned. However, the decision reason's rule (preferring the lottery with the lower probability of the maximum outcome) seems to be inversely aligned with the individual's justification. The individual prefers the option with the lower probability of the maximum outcome (Lottery A, with a 50% chance of 1000 Euros) over the higher probability of a lower maximum outcome (Lottery B, with a 100% chance of 500 Euros), which matches the preference of the decision reason. Despite the inverse interpretation of the decision reason's rule in the context of the verbal report, the action taken aligns with what the decision reason would suggest if considering the preference for a lower probability of a higher maximum outcome as a rationale for choosing Lottery A.

FINAL ASSESSMENT: 80"
12,"100% probability

Decision reason:
The reason considers the probability of the maximum outcome of each lottery. The reason prefers the lottery with the lower probability of the maximum outcome.

Verbal report:
In Lotterie A gab es die Möglichkeiten Geld zu gewinnen oder Geld zu verlieren. In der Lotterie B, war es nur Möglich einen Verlust zu erzielen. Aus diesem Grund habe ich Lotterie A gewählt.

Please follow the step-by-step instructions provided and give your FINAL ASSESSMENT in the requested format.assistant

STEPS: 

Step 1: Assess if the decision reason can be applied to the decision problem.
The decision reason considers the probability of the maximum outcome of each lottery. For Lottery A, the maximum outcome is 0 Euros with a probability of 50%. For Lottery B, the maximum outcome is -500 Euros, but since it's the only outcome, its probability is 100%. However, to apply the reason, we need to identify the maximum outcome in the context of the decision reason, which typically would refer to the best possible outcome. In this case, the best possible outcome for both lotteries is not a gain but rather the least negative outcome. For Lottery A, this is 0 Euros with 50% probability, and for Lottery B, it's -500 Euros with 100% probability. The information relevant to the decision reason can be derived from the lotteries' outcomes and probabilities, which are the probabilities of the least negative (or ""maximum"" in the context of minimizing loss) outcomes.

Step 2: Assess the verbal report.
First, evaluate and summarize the information considered by the individual: The individual considered the possibilities of winning or losing money in Lottery A and the certainty of losing money in Lottery B.
Second, evaluate and summarize the individual’s justification for the choice: The individual chose Lottery A because it offered a possibility of not losing money (winning or breaking even), unlike Lottery B, which only offered a loss.

Step 3: Assess whether the decision reason was used by the individual.
First, compare the information relevant to the decision reason with that considered by the individual: The decision reason focuses on the probability of the maximum (least negative) outcome. The individual considered the possibilities of outcomes but did not explicitly mention comparing the probabilities of the best outcomes between the two lotteries.
Second, compare the decision reason’s rule to the individual’s justification for the choice: The decision reason prefers the lottery with the lower probability of the maximum outcome. The individual preferred Lottery A because it offered a chance of not losing, implying a preference for the lottery with a scenario of no loss, which aligns with preferring a lower probability of the worst outcome but does not directly mention comparing probabilities of the best outcomes.

FINAL ASSESSMENT: 20
The individual's reasoning process, as described, does not directly align with the decision reason's focus on the probability of the maximum outcome. The verbal report indicates the individual was influenced by the presence of a non-loss outcome in Lottery A and the certainty of loss in Lottery B, but it does not explicitly mention comparing the probabilities of these outcomes as the decision reason would suggest. Therefore, while there's a slight alignment in preferring the lottery that offers a better scenario (no loss vs. certain loss), the explicit comparison of probabilities of the maximum outcomes as per the decision reason is not clearly evident in the verbal report."
13,"lierens recht hoch. In Lotterie A ist die Chance auf einen Gewinn höher, auch wenn der gewinn an sich niedriger ist. Daher entscheide ich mich hier eher für mehr sicherheit eines Gewinns in Lotterie A.

Please follow the step-by-step instructions provided and give your FINAL ASSESSMENT in the requested format.assistant

STEPS: 

Step 1: Assess if the decision reason can be applied to the decision problem. 
The decision reason considers the probability of the maximum outcome of each lottery and prefers the lottery with the lower probability of the maximum outcome. 
For Lottery B, the maximum outcome is 6000 Euros with a probability of 25%. 
For Lottery A, the maximum outcome is 4000 Euros with a probability of 25%. 
The information relevant to the decision reason can be derived from the lotteries' outcomes and probabilities, which are the probabilities of the maximum outcomes (25% for both lotteries).

Step 2: Assess the verbal report. 
First, evaluate and summarize information considered by the individual: 
The individual considered the higher potential gain in Lottery B, the high probability of losing in Lottery B, the higher chance of winning in Lottery A, and the lower but more secure gain in Lottery A. 
Second, evaluate and summarize the individual’s justification for the choice: 
The individual chose Lottery A because it offers a higher chance of winning, despite the lower potential gain, thus prioritizing the security of obtaining some winnings.

Step 3: Assess whether the decision reason was used by the individual. 
First, compare the information relevant to the decision reason with that considered by the individual: 
The decision reason focuses on the probability of the maximum outcome, which is 25% for both lotteries. However, the individual's considerations do not explicitly mention comparing the probabilities of the maximum outcomes but rather focus on the trade-off between the potential gain and the security of winning. 
Second, compare the decision reason’s rule to the individual’s justification for the choice: 
The decision reason prefers the lottery with the lower probability of the maximum outcome, but since both lotteries have the same probability for their maximum outcomes, the reason would be indifferent. The individual, however, chose based on the security of obtaining a win, not explicitly on the probability of the maximum outcome.

FINAL ASSESSMENT: 0 

The individual's decision process, as described in the verbal report, does not align with the decision reason's focus on the probability of the maximum outcome. The individual prioritized the security of winning over the potential maximum gain, which does not directly relate to comparing the probabilities of the maximum outcomes of the two lotteries. Therefore, it is certain that the decision reason was not used by the individual."
14,"zu erzielen, als in Lotterie B. Der Verlust bei Lotterie A ist höher als in Lotterie B, jedoch gibt mir die Wahrscheinlichkeit von 75% zu gewinnen, mehr Sicherheit.

Please follow the step-by-step instructions provided and give your FINAL ASSESSMENT in the requested format.assistant

STEPS: 
Step 1: Assess if the decision reason can be applied to the decision problem. 
The decision reason considers the probability of the maximum outcome of each lottery. For Lottery A, the maximum outcome is 0 Euros with a probability of 75%. For Lottery B, the maximum outcome is also 0 Euros, but with a probability of 50%. The information relevant to the decision reason can be derived from the lotteries' outcomes and probabilities. The relevant information is: 
- Lottery A: 0 Euros with 75% probability
- Lottery B: 0 Euros with 50% probability

Step 2: Assess the verbal report. 
First, evaluate and summarize information considered by the individual: The individual considers the probability of not incurring a loss in each lottery and the magnitude of the potential loss. 
Second, evaluate and summarize the individual’s justification for the choice: The individual prefers Lottery A because it offers a higher probability (75%) of not incurring a loss, which provides more security, despite the potential loss in Lottery A being higher than in Lottery B.

Step 3: Assess whether the decision reason was used by the individual. 
First, compare the information relevant to the decision reason with that considered by the individual: The decision reason focuses on the probability of the maximum outcome (0 Euros), while the individual considers the probability of not incurring a loss, which aligns with the concept of the maximum outcome being 0 Euros in both lotteries. However, the individual's focus is more on the absence of loss rather than the specific probability of the maximum outcome as defined by the decision reason.
Second, compare the decision reason’s rule to the individual’s justification for the choice: The decision reason prefers the lottery with the lower probability of the maximum outcome, which would be Lottery B (50% probability of 0 Euros). In contrast, the individual prefers Lottery A because of its higher probability of not incurring a loss (75% probability of 0 Euros), which contradicts the decision reason’s rule.

FINAL ASSESSMENT: 0"
15,".9% probability

Lottery B:
5 Euros with 100% probability

Decision reason:
The reason considers the probability of the maximum outcome of each lottery. The reason prefers the lottery with the lower probability of the maximum outcome.

Verbal report:
Die wahrscheinlichkeit in Lotterie A zu gewinnen, ist sehr gering. Es gibt zwar einen größeren Gewinn, dennoch entscheide ich mich hier für die Sicherheit in Lotterie B.

Please follow the step-by-step instructions provided and give your FINAL ASSESSMENT in the requested format.assistant

STEPS: 
Step 1: Assess if the decision reason can be applied to the decision problem. 
The decision reason considers the probability of the maximum outcome of each lottery. For Lottery A, the maximum outcome is 5000 Euros with a probability of 0.1%, and for Lottery B, the maximum outcome is 5 Euros with a probability of 100%. The information relevant to the decision reason can be derived from the lotteries' outcomes and probabilities. The decision reason would prefer Lottery A because it has a lower probability (0.1%) of its maximum outcome compared to Lottery B (100%).

Step 2: Assess the verbal report. 
First, the information considered by the individual includes the low probability of winning in Lottery A and the existence of a higher gain in Lottery A, but also the aspect of security in Lottery B. 
Second, the individual’s justification for the choice is based on preferring the security offered by Lottery B over the potential higher gain in Lottery A due to its low winning probability.

Step 3: Assess whether the decision reason was used by the individual. 
First, comparing the information relevant to the decision reason (probabilities of the maximum outcomes) with that considered by the individual (low probability of winning in A, security in B), it seems the individual considered the probability aspect but focused more on the security aspect rather than directly comparing the probabilities of the maximum outcomes.
Second, comparing the decision reason’s rule (preferring the lottery with the lower probability of the maximum outcome) to the individual’s justification (preferring security due to low winning probability in A), it appears the individual did not directly apply the rule of preferring the lower probability of the maximum outcome. Instead, the decision was based on the concept of security, which is related to but not the same as the decision reason.

FINAL ASSESSMENT: 0"
16,"with 0.1% probability
0 Euros with 99.9% probability

Lottery A:
-5 Euros with 100% probability

Decision reason:
The reason considers the probability of the maximum outcome of each lottery. The reason prefers the lottery with the lower probability of the maximum outcome.

Verbal report:
Hier wähle ich lieber das risiko einen höheren Verlust zu erleiden, weil die Wahrscheinlichkeit in Lotterie B zu verlieren niedriger ist.

Please follow the step-by-step instructions provided and give your FINAL ASSESSMENT in the requested format.assistant

STEPS: 
To assess whether the individual used the given decision reason, we'll follow the step-by-step process.

Step 1: Assess if the decision reason can be applied to the decision problem.
The decision reason considers the probability of the maximum outcome of each lottery and prefers the lottery with the lower probability of the maximum outcome. In Lottery B, the maximum outcome (in terms of being the least negative) is 0 Euros with a probability of 99.9%, and the negative outcome is -5000 Euros with a 0.1% probability. In Lottery A, the outcome is -5 Euros with a 100% probability. The information relevant to the decision reason is the probability of the maximum outcome in each lottery: 99.9% for Lottery B (for the 0 Euro outcome) and 0% for Lottery A since its only outcome is negative (-5 Euros). However, since the decision reason focuses on the probability of the ""maximum"" outcome and both lotteries have outcomes that can be considered in this context, we should interpret this as considering the least negative or best outcome each lottery can offer. Thus, Lottery B's 0 Euro outcome with 99.9% probability and Lottery A's -5 Euro outcome with 100% probability are the points of comparison. The decision reason would prefer Lottery B because it has a higher probability of its best outcome (0 Euros) compared to Lottery A's certain but negative outcome.

Step 2: Assess the verbal report.
First, evaluate and summarize the information considered by the individual: The individual mentions the risk of a higher loss and the lower probability of losing in Lottery B.
Second, evaluate and summarize the individual’s justification for the choice: The individual prefers Lottery B because the probability of losing (incurring a loss) is lower, implying they consider the risk of loss in their decision.

Step 3: Assess whether the decision reason was used by the individual.
First, compare the information relevant to the decision reason with that considered by the individual: The decision reason focuses on the probability of the maximum (or least negative) outcome, while the individual considers the probability of losing (or incurring a loss), which aligns with evaluating risks but seems to focus more on avoiding loss rather than seeking the maximum outcome.
Second, compare the decision reason’s rule to the individual’s justification for the choice: The decision reason prefers the lottery with the lower probability of the maximum outcome, which would actually lead to preferring Lottery A if strictly interpreting ""maximum outcome"" as the least negative (since Lottery A's outcome, though negative, is certain and thus has a '100% probability' of its maximum outcome, which is -5 Euros). However, the individual's justification seems to misunderstand or misapply this concept by focusing on the lower probability of a significant loss, which aligns more with risk aversion than the specific decision reason provided.

Given these comparisons, the individual's reasoning seems to align partially with the concept of considering probabilities and outcomes but does not directly apply the decision reason as defined. The individual's focus is more on avoiding a significant loss with a low probability rather than strictly on the probability of the maximum outcome as defined by the decision reason.

FINAL ASSESSMENT: 20 
This assessment indicates that while there are elements of the individual's decision process that consider probabilities and outcomes, the specific decision reason provided does not seem to be directly applied in the individual's justification for their choice. The focus on avoiding loss and the misunderstanding of the decision reason's application to the lotteries lead to a low assessment score."
17,"MENT: <provide final numerical assessment>user

Decision problem:
Lottery A:
3000 Euros with 50% probability
-3000 Euros with 50% probability

Lottery B:
1500 Euros with 100% probability

Decision reason:
The reason considers the probability of the maximum outcome of each lottery. The reason prefers the lottery with the lower probability of the maximum outcome.

Verbal report:
Ich entscheide mich eher für den Sicheren Gewinn, als das Risiko einen hohen Verlust zu erzielen.

Please follow the step-by-step instructions provided and give your FINAL ASSESSMENT in the requested format.assistant

STEPS: 
Step 1: The decision reason can be applied to the decision problem. The information relevant to the decision reason is the probability of the maximum outcome of each lottery. For Lottery A, the maximum outcome is 3000 Euros with a probability of 50%. For Lottery B, the maximum outcome is 1500 Euros with a probability of 100%. This information can be derived from the lotteries' outcomes and probabilities.

Step 2: The verbal report states that the individual prefers the ""Sicheren Gewinn"" (safe gain) over the risk of a high loss. The information considered by the individual seems to be the certainty of the gain in one of the options and the risk associated with the other. The individual's justification for the choice is based on avoiding a high potential loss and opting for a secure outcome instead.

Step 3: Comparing the information relevant to the decision reason (the probability of the maximum outcome of each lottery) with that considered by the individual (certainty of gain and risk of loss), it appears that the individual's focus is more on the aspect of risk and certainty rather than directly comparing the probabilities of the maximum outcomes. The decision reason's rule is to prefer the lottery with the lower probability of the maximum outcome, which would be Lottery A in this case because it has a 50% probability of its maximum outcome, compared to Lottery B's 100% probability of its maximum outcome. However, the individual's justification seems to prioritize the avoidance of risk, which aligns more with preferring Lottery B due to its certainty, not directly because of the probability of the maximum outcome. Therefore, the individual's reasoning process does not directly align with the decision reason provided.

FINAL ASSESSMENT: 0"
18,"Euros with 50% probability
-3000 Euros with 50% probability

Lottery B:
2000 Euros with 100% probability

Decision reason:
The reason considers the probability of the maximum outcome of each lottery. The reason prefers the lottery with the lower probability of the maximum outcome.

Verbal report:
Ich wähle lieber den sicheren Gewinn, als das Risiko einen hohen verlust zu erzielen, auch wenn der Gewinn in Lotterie A höher wäre.

Please follow the step-by-step instructions provided and give your FINAL ASSESSMENT in the requested format.assistant

STEPS: 

Step 1: Assess if the decision reason can be applied to the decision problem.
The decision reason considers the probability of the maximum outcome of each lottery. For Lottery A, the maximum outcome is 3000 Euros with a probability of 50%. For Lottery B, the maximum outcome is 2000 Euros with a probability of 100%. The information relevant to the decision reason can be derived from the lotteries' outcomes and probabilities, which are: 
- Lottery A: 50% chance of 3000 Euros
- Lottery B: 100% chance of 2000 Euros
Since the reason prefers the lottery with the lower probability of the maximum outcome, it would prefer Lottery A because 50% is less than 100%.

Step 2: Assess the verbal report.
First, evaluate and summarize the information considered by the individual: 
The individual considered the aspect of a ""sicheren Gewinn"" (safe win) versus the risk of a high loss, indicating they looked at the certainty of the outcome in Lottery B and the potential loss in Lottery A.
Second, evaluate and summarize the individual’s justification for the choice: 
The individual justified their choice by preferring the safe win over the risk of a high loss, even though the potential win in Lottery A is higher.

Step 3: Assess whether the decision reason was used by the individual.
First, compare the information relevant to the decision reason with that considered by the individual: 
The decision reason focuses on the probability of the maximum outcome, but the individual's consideration was more about the safety of the win and the risk of loss, not directly comparing the probabilities of the maximum outcomes.
Second, compare the decision reason’s rule to the individual’s justification for the choice: 
The decision reason prefers the lottery with the lower probability of the maximum outcome, which would be Lottery A. However, the individual's justification suggests they preferred Lottery B because of its certainty, not because of the probability of its maximum outcome being lower.

FINAL ASSESSMENT: 0 

The individual's reasoning, as described in the verbal report, does not align with the decision reason's focus on the probability of the maximum outcome. Instead, the individual prioritized the certainty of the outcome over the potential for a higher gain with a lower probability, indicating they did not use the decision reason to make their choice."
19,"cheide ich mich ebenfalls eher für die Sicherheit des Gewinns, als für das Risiko des Verlustes. So habe ich in der Lotterie eine B eine höhere Chance zu verlieren als zu Gewinnen. Deswegen entscheide ich mich eher für einen sicheren Gewinn in der Lotterie A.

Please follow the step-by-step instructions provided and give your FINAL ASSESSMENT in the requested format.assistant

STEPS: 
To assess whether the decision reason was used by the individual, we will follow the provided steps.

Step 1: Assess if the decision reason can be applied to the decision problem.
The decision reason considers the probability of the maximum outcome of each lottery and prefers the lottery with the lower probability of the maximum outcome. For Lottery A, the maximum outcome is 1000 Euros with a 100% probability. For Lottery B, the maximum outcome is 3000 Euros with a 50% probability. The information relevant to the decision reason can be derived from the lotteries' outcomes and probabilities. Thus, Lottery A has a higher probability (100%) of its maximum outcome compared to Lottery B (50% for its maximum outcome).

Step 2: Assess the verbal report.
First, evaluate and summarize the information considered by the individual: The individual considered the aspect of risk and security in making the decision, focusing on the chance of losing versus winning in each lottery.
Second, evaluate and summarize the individual’s justification for the choice: The individual justified the choice by preferring the security of a win over the risk of a loss, mentioning a higher chance to lose than to win in Lottery B, which led to choosing the secure win in Lottery A.

Step 3: Assess whether the decision reason was used by the individual.
First, compare the information relevant to the decision reason with that considered by the individual: The decision reason focuses on the probability of the maximum outcome, while the individual considered the risk of losing versus the security of winning, not explicitly mentioning the probability of the maximum outcomes.
Second, compare the decision reason’s rule to the individual’s justification for the choice: The decision reason prefers the lottery with the lower probability of the maximum outcome, which would be Lottery B in this case (50% for its maximum outcome). However, the individual chose Lottery A, citing the security of the win, which aligns with preferring a certain gain over a risky option but does not directly reflect the decision reason’s rule about the probability of the maximum outcome.

FINAL ASSESSMENT: 0 
The individual's reasoning, as described in the verbal report, does not align with the decision reason's focus on the probability of the maximum outcome and its preference rule. The individual's choice is based on preferring security over risk, which does not directly relate to comparing the probabilities of the maximum outcomes of the two lotteries as specified by the decision reason. Therefore, it is certain that the decision reason was not used by the individual to make the decision."
20,"inn zu erzielen.

Please follow the step-by-step instructions provided and give your FINAL ASSESSMENT in the requested format.assistant

STEPS: 
To assess whether the decision reason was used by the individual, we follow the steps outlined:

Step 1: Assess if the decision reason can be applied to the decision problem.
The decision reason considers the probability of the maximum outcome of each lottery and prefers the lottery with the lower probability of the maximum outcome. For Lottery A, the maximum outcome is 6000 Euros with a 50% probability. For Lottery B, the maximum outcome is 0 Euros with a 100% probability. The information relevant to the decision reason can be derived from the lotteries' outcomes and probabilities. Thus, the decision reason can be applied to this decision problem.

Step 2: Assess the verbal report.
First, we evaluate and summarize the information considered by the individual: The individual considered the presence of risk in Lottery A, the absence of a chance to win in Lottery B, and the context of whether they already had a capital to risk. 
Second, we evaluate and summarize the individual’s justification for the choice: The individual chose Lottery A because it offered a 50% chance to win or lose, which they preferred over the certainty of not winning in Lottery B. They also considered a hypothetical scenario where they would have chosen differently if they had a previous win to risk.

Step 3: Assess whether the decision reason was used by the individual.
First, we compare the information relevant to the decision reason (probabilities of the maximum outcomes) with that considered by the individual (risk, absence of a chance to win, and contextual considerations). The individual did consider the probability of winning (or the risk) in their decision, but the focus was more on the presence or absence of risk rather than comparing the probabilities of the maximum outcomes directly.
Second, we compare the decision reason’s rule (preferring the lottery with the lower probability of the maximum outcome) to the individual’s justification for the choice (preferring the risk of winning or losing over no chance of winning). The decision reason would lead to preferring Lottery B because it has a 100% probability of its maximum outcome (0 Euros), which is a lower probability of achieving a positive maximum outcome compared to Lottery A's 50% chance of winning 6000 Euros. However, the individual's justification does not align with this rule; they preferred Lottery A because it offered a chance to win, not because it had a lower probability of its maximum outcome.

FINAL ASSESSMENT: 0 
The individual's decision process, as described, does not align with the decision reason provided. The decision reason prefers the lottery with the lower probability of the maximum outcome, which would lead to choosing Lottery B due to its certain outcome of 0 Euros. In contrast, the individual chose Lottery A because it offered a chance to win, indicating that their decision was based on different considerations than those outlined in the decision reason. Therefore, it is certain that the decision reason was not used by the individual."
