problemID,response
1,"{
  ""step_1"": ""The decision reason evaluates lotteries based on the probability of obtaining a favorable outcome. It states that differences in outcomes are negligible and thus the preference is given to the lottery with the higher probability of a favorable outcome. In this case, Lottery A offers 2400 Euros with 100% probability, while Lottery B offers 2500 Euros with 33%, 2400 Euros with 66%, and 0 Euros with 1%. The favorable outcome in B is either 2400 or 2500, both of which are close to 2400. Since A guarantees 2400, and B has a 100% chance of at least 2400 (66% at 2400, 33% at 2500), the favorable outcome is achieved in B with 99% probability (66% + 33%). Thus, B has a higher probability of a favorable outcome (99%) compared to A (100%). However, the reason states that outcome differences are negligible and prefers the lottery with the higher probability of a favorable outcome. Therefore, B should be preferred according to the reason. But note: A has a 100% chance of 2400, and B has only 99% chance of at least 2400. So, A has a higher probability of a favorable outcome (100% vs 99%). Hence, A should be preferred under this reason. However, the reason says 'higher probability of a favorable outcome' — if favorable is defined as at least 2400, then A has 100%, B has 99%. So A wins. If favorable is defined as 2500, then only B has that (33%), so B wins. But the reason says differences in outcomes are negligible, so likely the threshold is not strict. Thus, the reason prefers the lottery with the higher probability of a favorable outcome (defined as at least 2400). In that case, A has 100%, B has 99% → A is preferred. So the reason would prefer A. Thus, the reason is applicable and can be applied to this decision problem."",
  ""step_2"": ""The individual chose Lottery A and stated: 'Ich wählte Lotterie A, da ich die 1% Chance in Kauf nehme ggf. nichts zu gewinnen' (I chose Lottery A because I am willing to take the 1% chance of getting nothing). This indicates that the individual is explicitly considering the 1% chance of receiving 0 Euros in Lottery B. The individual views this 1% chance as a cost, and is willing to accept it only if the outcome is not zero. The individual does not mention probabilities of favorable outcomes, nor do they compare the likelihood of getting 2400 or 2500. Instead, the justification focuses on the risk of getting nothing — a negative outcome — and is framed as a trade-off: accepting a small risk for a guaranteed outcome. The individual does not evaluate the probability of a favorable outcome (e.g., getting at least 2400) or compare probabilities of favorable outcomes between A and B. The reasoning is about risk aversion in the face of a zero-outcome possibility, not about maximizing the probability of a favorable outcome."",
  ""step_3"": ""The decision reason requires comparing the probabilities of favorable outcomes and preferring the one with higher probability, assuming outcome differences are negligible. In this case, the favorable outcome (at least 2400) occurs in A with 100% probability and in B with 99% probability. Therefore, A should be preferred under the reason. However, the individual's justification does not mention favorable outcomes or probabilities of favorable outcomes. Instead, the individual focuses on the 1% chance of getting nothing — a negative outcome — and frames the choice as accepting that risk. This is a different reasoning pattern (risk of loss vs. probability of favorable outcome). The individual does not apply the rule of preferring the lottery with the higher probability of a favorable outcome. Instead, they focus on avoiding zero. Therefore, the decision reason was not used. The individual’s reasoning is about risk of loss, not about favorable outcome probabilities. Hence, the decision reason was not used."",
  ""final_assessment_score"": 0
}"
2,"{
  ""step_1"": ""The decision reason evaluates the lotteries based on the probability of obtaining a favorable outcome (i.e., receiving the non-zero amount). It states that the differences in outcomes (2500 vs. 2400 Euros) are negligible, and thus the preference is determined solely by which lottery has the higher probability of yielding a positive outcome. Lottery A has a 34% chance of winning, while Lottery B has 33%. Therefore, the reason prefers Lottery A due to its higher probability of a favorable outcome (1% higher). The relevant information from the lotteries is clear: the outcomes differ by 100 Euros, but the reason considers this negligible; the key factor is the probability of receiving the prize (34% vs. 33%)."",
  ""step_2"": ""The individual chose Lottery A, stating that they prefer a 1% higher chance of winning over 100 Euros more. This indicates that the individual considered the difference in probabilities (1% between 34% and 33%) and explicitly valued that higher chance over the larger monetary outcome (2500 vs. 2400 Euros). The individual frames the decision in terms of preferring a small increase in probability (1%) over a larger monetary gain (100 Euros). This reflects an awareness of the probabilities and a comparison between the probability difference and the outcome difference. The justification centers on the relative value of a 1% increase in chance versus a 100 Euro gain, suggesting that the individual recognized the negligible difference in outcomes and focused on the probability difference."",
  ""step_3"": ""The information relevant to the decision reason — that the outcome difference is negligible and the preference is based on higher probability — is present in the verbal report. The individual explicitly states they prefer a 1% higher chance over 100 Euros more, which aligns with the reason’s rule that the outcome difference is negligible and the lottery with the higher probability is preferred. The individual’s justification directly reflects the decision reason’s logic: they downplay the monetary difference (100 Euros) and emphasize the probability difference (1%). Therefore, the individual used the decision reason to justify their choice."",
  ""final_assessment_score"": 100
}"
3,"{
  ""step_1"": ""The decision reason evaluates lotteries based on the probability of obtaining a favorable outcome, noting that differences in outcomes are negligible. In this case, Lottery A offers 3000 Euros with 100% probability, while Lottery B offers 4000 Euros with 80% probability and 0 Euros with 20% probability. The favorable outcome in A is certain (3000 Euros), while in B it is 4000 Euros with 80% probability. Since the reason considers outcome differences negligible, the comparison hinges solely on probability: the lottery with the higher probability of a favorable outcome is preferred. Here, A has 100% probability of a favorable outcome (3000 Euros), while B has only 80% probability of 4000 Euros. Thus, the reason would prefer A over B because 100% > 80% in terms of probability of a favorable outcome. The reason is applicable to this decision problem."",
  ""step_2"": ""The individual in the verbal report first compares the results and then the probabilities. They state that they chose Lottery A because 'it does not involve risk and guarantees earning something.' This indicates that the individual considered the certainty of the outcome (no risk) as a key factor. The report does not explicitly mention comparing probabilities of favorable outcomes or stating that the favorable outcome (3000 vs. 4000) is considered negligible. Instead, the justification centers on risk avoidance and guaranteed earning, which suggests a risk-averse preference rather than a probabilistic comparison of favorable outcomes. The individual's reasoning emphasizes certainty and absence of risk, not the probability of a favorable outcome being higher in A (100%) compared to B (80%)."",
  ""step_3"": ""The information relevant to the decision reason — that outcome differences are negligible and that the lottery with the higher probability of a favorable outcome is preferred — is not clearly reflected in the verbal report. The individual does not mention comparing the probabilities of favorable outcomes (100% vs. 80%) or state that the favorable outcome is negligible. Instead, the justification focuses on risk avoidance and guaranteed earning, which reflects a different reasoning (risk aversion), not the specific rule of preferring higher probability of favorable outcomes. Therefore, the individual did not apply the decision reason as described. The reasoning in the report does not match the rule of the decision reason, even though both involve evaluating outcomes and probabilities. Hence, the decision reason was not used."",
  ""final_assessment_score"": 0
}"
4,"{
  ""step_1"": ""The decision reason evaluates the lotteries based on the probability of obtaining a favorable outcome (i.e., receiving money), treating the differences in outcomes (4000 vs. 3000 Euros) as negligible. It then prefers the lottery with the higher probability of a positive outcome. Lottery A has a 20% chance of 4000 Euros and 80% chance of 0, while Lottery B has a 25% chance of 3000 Euros and 75% chance of 0. The favorable outcome probability for A is 20%, for B it is 25%. Thus, according to the reason, B should be preferred because it has a higher probability of a favorable outcome (25% > 20%). The reason is applicable to this decision problem as the outcomes differ by 1000 Euros, which the reason explicitly considers negligible, and the probabilities are directly comparable."",
  ""step_2"": ""The individual compared the results first and then the probabilities. They chose Lottery A, stating that they considered the 5% difference in outcomes (which seems to be a misstatement — the actual difference in probabilities is 5 percentage points: 25% vs. 20%) as too small to matter. The individual did not mention the actual monetary difference (1000 Euros) or the outcome values, but focused on the probability difference. The justification centers on dismissing the 5% difference in probability as negligible, which implies that the individual did not apply the rule that prefers the lottery with the higher probability of a favorable outcome. Instead, they appear to have discounted the probability difference and made a choice based on a different criterion (possibly a subjective judgment about the magnitude of the difference)."",
  ""step_3"": ""The information relevant to the decision reason — specifically, the comparison of favorable outcome probabilities (20% vs. 25%) — is present in the verbal report, as the individual explicitly refers to the probability difference (5 percentage points). However, the individual does not apply the reason’s rule: the reason states that the lottery with the higher probability of a favorable outcome should be preferred, and in this case, Lottery B has a higher favorable probability (25% > 20%). Instead, the individual chose Lottery A and justified the choice by dismissing the 5% difference in probability as too small. This indicates that the individual did not follow the rule of preferring the higher probability of a favorable outcome. Therefore, the decision reason was not used. The individual’s justification contradicts the rule of the reason, and instead reflects a different reasoning process (downplaying the probability difference)."",
  ""final_assessment_score"": 0
}"
5,"{
  ""step_1"": ""The decision reason evaluates the lotteries based on the outcomes and their probabilities. It states that the differences between the outcomes (6000 vs. 3000 Euros) are negligible, and thus the preference is determined solely by the probability of obtaining a favorable outcome. The favorable outcome is receiving a positive amount (i.e., non-zero), so the lottery with the higher probability of yielding a positive outcome is preferred. Lottery A has a 90% chance of yielding 3000 Euros, while Lottery B has a 45% chance of yielding 6000 Euros. The reason thus prefers A over B due to its higher probability of a favorable outcome. The relevant information for the reason is available: the outcomes and probabilities are clearly defined and differ in both magnitude and likelihood. Therefore, the decision reason can be applied to this decision problem."",
  ""step_2"": ""The individual's verbal report states: 'Wie jedes Mal verglich ich erstmal die Ergebnisse und dann die Wahrscheinlichkeit.' This translates to: 'Every time, I first compared the results and then the probability.' This indicates that the individual considered the outcomes (6000 vs. 3000 Euros) and then evaluated the probabilities (45% vs. 90%). The report does not specify how the outcomes were weighed or whether the differences were considered negligible, nor does it explicitly state that the higher probability of a favorable outcome was the basis for the decision. However, the sequence of comparison—first outcomes, then probabilities—suggests that probabilities were considered after outcomes. The justification for the choice is not described in detail, only the process of comparison. Thus, while the individual considered both outcomes and probabilities, the explicit reasoning used to justify the preference based on probability is not clearly stated or aligned with the decision reason's rule."",
  ""step_3"": ""The information relevant to the decision reason—specifically, that outcome differences are negligible and that the lottery with the higher probability of a favorable outcome is preferred—is not explicitly stated or demonstrated in the verbal report. While the individual did compare outcomes and then probabilities, the report does not indicate that the differences in outcomes were deemed negligible, nor does it state that the higher probability (90% in A) was the deciding factor. The decision reason's rule (prefer higher probability of favorable outcome) is not directly reflected in the justification. Therefore, although the individual considered the probabilities, the reasoning process does not align with the specific rule of the decision reason. The individual may have used a different reason (e.g., higher expected value or risk preference), but there is no clear evidence of applying the stated reason. Thus, the decision reason was not used as described."",
  ""final_assessment_score"": 30
}"
6,"{
  ""step_1"": ""The decision reason evaluates the lotteries based on the outcomes and the probability of obtaining a favorable outcome. The outcomes of both lotteries are either 6000 Euros or 0 Euros, and 3000 Euros or 0 Euros, respectively. The difference in outcomes (6000 vs. 3000) is considered negligible by the reason. The reason then compares the probabilities of obtaining a favorable outcome: it prefers the lottery with the higher probability of a positive outcome. Lottery A has a 0.1% chance of winning 6000 Euros, and Lottery B has a 0.2% chance of winning 3000 Euros. Thus, the relevant information is: (A: 6000€ at 0.1%, B: 3000€ at 0.2%). The reason applies directly to this decision problem because the outcomes are comparable (both involve a non-zero win), and the probabilities are clearly defined and differ. The reason can be applied and the comparison of probabilities is valid."",
  ""step_2"": ""The individual in the verbal report first compares the results and then the probabilities. They state that the chances of winning are both very low, and they chose Lottery A because they prefer the less probable but larger prize. This indicates that the individual considered the outcomes (6000€ vs. 3000€) and acknowledged that the difference in prize amounts is small. The individual's justification is that despite both being low-probability wins, they chose the larger prize (6000€) even though it has a lower probability (0.1% vs. 0.2%). The deliberation process reflects a focus on the magnitude of the outcome rather than the probability of success. The individual does not explicitly state a preference for the higher probability of winning, nor do they consider the difference in outcomes as negligible. Instead, they prioritize the larger prize, even at a lower probability."",
  ""step_3"": ""The information relevant to the decision reason includes the negligible difference in outcomes and a preference for the lottery with the higher probability of a favorable outcome. The individual considered the outcomes and probabilities but did not prefer the lottery with the higher probability of winning (Lottery B has 0.2% vs. A’s 0.1%). Instead, the individual chose Lottery A, which has a lower probability, but a larger prize. This contradicts the rule of the decision reason, which would have led to choosing Lottery B (higher probability of a favorable outcome). The individual’s justification is based on preferring the larger outcome, not on the probability of winning. Therefore, the decision reason was not used. The individual did not apply the rule that prefers the higher probability of a favorable outcome. The preference for the larger prize, despite lower probability, shows a different reasoning principle (e.g., risk-seeking for larger gains)."",
  ""final_assessment_score"": 0
}"
7,"{
  ""step_1"": ""The decision reason evaluates lotteries based on the probability of obtaining a favorable outcome. A favorable outcome here is defined as not losing money (i.e., receiving 0 euros or more). In Lottery A, the outcome is -3000 euros with 100% probability, meaning a certain loss. In Lottery B, there is an 80% chance of -4000 euros and a 20% chance of 0 euros. The favorable outcome (0 euros) occurs with 20% probability. The reason states that differences in outcomes are negligible and that the lottery with the higher probability of a favorable outcome is preferred. Thus, the relevant information is: Lottery A has 0% chance of a favorable outcome, Lottery B has 20% chance. The reason prefers B due to its higher probability of a favorable outcome (20% vs. 0%)."",
  ""step_2"": ""The individual states: 'Ich wählte Lotterie B, da ich die Chance verlustfrei zu bleiben wählte' (I chose Lottery B because I chose the chance to remain loss-free). This indicates that the individual focused on the 20% chance of receiving 0 euros (no loss), which is the favorable outcome. The individual did not mention probabilities of loss or comparisons between the probabilities of favorable outcomes. The deliberation centers on the desire to avoid loss (i.e., to stay loss-free), which aligns with considering the favorable outcome (0 euros) and its probability (20%). However, the individual does not explicitly reference the probability of the favorable outcome or compare it to that of the other lottery. The justification is based on a preference for avoiding loss, not on a rule-based comparison of favorable outcome probabilities."",
  ""step_3"": ""The relevant information from the decision reason (higher probability of favorable outcome) is present in the verbal report: the individual chose Lottery B because of the chance to remain loss-free (i.e., receive 0 euros). The favorable outcome (0 euros) occurs in Lottery B with 20% probability, which is higher than Lottery A's 0%. Although the individual does not explicitly state the probability of the favorable outcome or compare them, the underlying reasoning — choosing the option with a chance of no loss — aligns with the reason's focus on favorable outcomes and their probabilities. The justification reflects the core idea of preferring a lottery with a higher chance of a favorable outcome, even if the phrasing is implicit. Therefore, the decision reason was used, though not explicitly or formally stated. The alignment is sufficient to indicate use of the reason, though not perfect in detail."",
  ""final_assessment_score"": 85
}"
8,"{
  ""step_1"": ""The decision reason evaluates the lotteries based on the probability of obtaining a favorable outcome. In this case, a favorable outcome is defined as receiving 0 Euros (i.e., no loss). The outcomes are: Lottery A has a 80% chance of 0 Euros (favorable), and Lottery B has a 75% chance of 0 Euros (favorable). The difference in favorable outcomes is negligible as per the reason. The reason prefers the lottery with the higher probability of a favorable outcome (i.e., higher probability of 0 Euros). Thus, the relevant information is: A has 80% chance of favorable outcome, B has 75% chance. The reason clearly applies to this decision problem and is based on comparing probabilities of favorable outcomes."",
  ""step_2"": ""The individual chose Lottery A. In the verbal report, the individual states: 'Ich wählte Lotterie A, da ich lieber nur eine Chance von 1/5 habe, Geld zu verlieren.' This translates to: 'I chose Lottery A because I prefer only a 1 in 5 chance of losing money.' The individual is expressing a preference for a lower probability of losing money. Since losing money corresponds to a negative outcome (-4000 or -3000 Euros), the individual is implicitly comparing the probabilities of losing money: Lottery A has a 20% chance of losing 4000 Euros, and Lottery B has a 25% chance of losing 3000 Euros. The individual is not focusing on the probability of a favorable outcome (0 Euros), but rather on the probability of a loss. The stated justification is about minimizing the chance of losing money, not maximizing the chance of a favorable outcome. Thus, the individual's reasoning is about avoiding loss, not about preferring higher probability of favorable outcome as per the decision reason."",
  ""step_3"": ""The decision reason focuses on the probability of a favorable outcome (i.e., 0 Euros), and prefers the lottery with the higher probability of that outcome (80% vs. 75%). However, the individual's justification centers on the probability of losing money (20% vs. 25%), and explicitly prefers a lower chance of losing, which is a different dimension. The individual does not mention or consider the favorable outcome probabilities (80% vs. 75%), nor does the reasoning align with the rule of preferring higher probability of favorable outcome. Instead, the reasoning is about risk of loss, not about favorable outcomes. Therefore, the decision reason was not used in the individual's deliberation process. The individual's reasoning is inconsistent with the rule of the decision reason, even though both involve risk considerations."",
  ""final_assessment_score"": 0
}"
9,"{
  ""step_1"": ""The decision reason evaluates the lotteries based on the outcomes and the probability of obtaining a favorable outcome. In this case, a favorable outcome is defined as receiving 0 Euros (since both lotteries involve negative outcomes or zero). The outcomes are either -6000 or 0 for Lottery B, and -3000 or 0 for Lottery A. The difference between the outcomes (-3000 vs -6000) is considered negligible by the reason. The reason then compares the probabilities of obtaining a favorable outcome (0 Euros). For Lottery A, the probability of 0 Euros is 10%; for Lottery B, it is 55%. Therefore, the reason prefers Lottery B because it has a higher probability (55% > 10%) of a favorable outcome. Thus, the decision reason is applicable and clearly defined in terms of outcomes and probabilities relevant to the lotteries."",
  ""step_2"": ""The individual in the verbal report says: 'Wie jedes Mal verglich ich erstmal die Ergebnisse und dann die Wahrscheinlichkeit. Ich wählte Lotterie B.' This translates to: 'As always, I first compared the results and then the probability. I chose Lottery B.' The individual acknowledges comparing the outcomes and then the probabilities. The mention of comparing results suggests they considered the monetary outcomes, and the reference to comparing probabilities indicates they evaluated the likelihood of each outcome. The final choice is Lottery B, but the deliberation process described focuses on the comparison of outcomes and then probabilities. There is no explicit mention of considering the probability of a favorable outcome (i.e., 0 Euros), nor of treating outcome differences as negligible. However, the sequence of comparing outcomes first and then probabilities aligns with the structure of the decision reason, which begins with outcome comparison and then moves to probability of favorable outcome. The individual's justification is implicit in the sequence of steps but lacks explicit reference to the specific rule about favorable outcomes or negligible differences in outcomes."",
  ""step_3"": ""The information relevant to the decision reason — that outcome differences are negligible and that the lottery with a higher probability of a favorable outcome (0 Euros) is preferred — is partially reflected in the verbal report. The individual compares outcomes and probabilities, which matches the structure of the reason. However, the report does not explicitly state that the favorable outcome is 0 Euros, nor does it mention that outcome differences are negligible. The justification for choosing Lottery B is based on the comparison of probabilities, but without explicit reference to the favorable outcome or the negligible difference in outcomes. Therefore, while the individual may have implicitly used the reason, the key components — especially the evaluation of favorable outcomes and the negligible difference in outcomes — are not clearly articulated. The reasoning process is structurally similar but lacks the specific content of the decision reason. Thus, the use of the decision reason is plausible but not certain."",
  ""final_assessment_score"": 60
}"
10,"{
  ""step_1"": ""The decision reason evaluates the lotteries based on the probability of obtaining a favorable outcome. In this case, a favorable outcome is defined as receiving 0 Euros (since both lotteries have a negative outcome of -6000 or -3000 Euros with low probability, and 0 Euros otherwise). The favorable outcome is the same in both lotteries (0 Euros). The difference in outcomes is negligible. The reason compares the probabilities of obtaining this favorable outcome: Lottery A has a 0.2% chance of 0 Euros, while Lottery B has a 0.1% chance. Thus, the reason prefers Lottery A because it has a higher probability of a favorable outcome (0 Euros). The relevant information is clear and directly derivable from the lotteries' structure."",
  ""step_2"": ""The individual states that they chose Lottery A because it 'appeared most sensible to me.' This is a vague and subjective justification. There is no explicit mention of comparing probabilities, considering the likelihood of receiving 0 Euros, or referencing the favorable outcome. The individual does not elaborate on any specific reasoning related to probabilities or outcomes. The justification is qualitative and lacks reference to the decision reason's criteria (e.g., higher probability of favorable outcome)."",
  ""step_3"": ""The information relevant to the decision reason — specifically, that Lottery A has a higher probability (0.2% vs. 0.1%) of yielding the favorable outcome (0 Euros) — is present in the lotteries. However, the individual's verbal report does not mention this comparison or any reference to probability of favorable outcomes. The justification is entirely subjective and does not reflect the rule of the decision reason. Therefore, although the correct outcome (choosing A) is reached, the reasoning process does not show the application of the stated decision reason. The individual did not explicitly or implicitly use the rule about preferring the lottery with the higher probability of a favorable outcome. Thus, the decision reason was not used in the deliberation process."",
  ""final_assessment_score"": 30
}"
11,"{
  ""step_1"": ""The decision reason evaluates lotteries based on the probability of obtaining a favorable outcome. It states that differences in outcomes are negligible and thus the preference is given to the lottery with the higher probability of a favorable outcome. In this case, Lottery A offers 1000 Euros with 50% probability and 0 Euros with 50% probability, while Lottery B offers 500 Euros with 100% probability. The favorable outcome is defined as receiving money (i.e., >0 Euros). Therefore, both lotteries have favorable outcomes, but Lottery A has a 50% chance of a favorable outcome (1000 Euros), and Lottery B has a 100% chance of a favorable outcome (500 Euros). The reason prefers the lottery with the higher probability of a favorable outcome — which would be Lottery B (100% vs. 50%). Thus, the decision reason is applicable and can be evaluated in this context."",
  ""step_2"": ""The individual in the verbal report first compares the results and then the probabilities. They state that they chose Lottery B because they prefer a secure win. This indicates that the individual considered the outcomes (1000 vs. 500 Euros) and the probabilities (50% vs. 100%). The justification centers on the preference for a secure outcome (i.e., certainty), which reflects a concern for risk aversion. However, the report does not explicitly mention comparing the probabilities of favorable outcomes or stating that they preferred the lottery with the higher probability of a favorable outcome. Instead, the justification is framed around the certainty of receiving money, not the probability of a favorable outcome. Thus, while the individual considered the outcomes and probabilities, the reasoning is focused on security rather than on the specific rule of preferring higher probability of favorable outcomes."",
  ""step_3"": ""The information relevant to the decision reason — specifically, the probability of a favorable outcome — is present in the lotteries: Lottery B has a 100% probability of a favorable outcome (500 Euros), while Lottery A has only a 50% probability. The individual did consider probabilities and outcomes, and their stated preference for a secure win aligns with a concern for the certainty of receiving money. However, the individual's justification does not explicitly reference the probability of a favorable outcome as the basis for the choice. Instead, the reasoning is based on a preference for certainty, which is a different psychological or behavioral motive. The decision reason requires that the individual identifies and applies the rule: 'prefer the lottery with the higher probability of a favorable outcome.' Since the individual does not explicitly state or apply this rule, but rather uses a different justification (preference for a secure win), the reason was not used in the described deliberation process. Therefore, the individual did not use the specified decision reason."",
  ""final_assessment_score"": 30
}"
12,"{
  ""step_1"": ""The decision reason evaluates lotteries based on the probability of obtaining a favorable outcome. A favorable outcome here is defined as not losing money (i.e., receiving 0 euros or more). In Lottery A, there is a 50% chance of receiving 0 euros (no loss) and a 50% chance of losing 1000 euros. In Lottery B, there is a 100% chance of losing 500 euros. Thus, the favorable outcome (no loss) occurs in Lottery A with 50% probability and in Lottery B with 0% probability. The reason states that differences in outcomes are negligible and that the lottery with the higher probability of a favorable outcome is preferred. Therefore, the relevant information is: Lottery A has a 50% chance of a favorable outcome (no loss), while Lottery B has 0% chance. The reason applies directly to this decision problem."",
  ""step_2"": ""The individual states they chose Lottery A because they chose the chance of not making a loss. This indicates that the individual considered the possibility of avoiding a loss (i.e., receiving 0 euros) as a favorable outcome. The individual did not mention probabilities explicitly, but their justification centers on avoiding loss, which aligns with focusing on the probability of a favorable outcome (no loss). The individual did not compare the probabilities of favorable outcomes or mention the 50% chance in A versus 0% in B. However, the core idea—choosing the option with a chance of avoiding a loss—is consistent with the decision reason’s focus on the probability of a favorable outcome. The deliberation process emphasizes risk avoidance through the possibility of no loss, which reflects the reason’s underlying logic."",
  ""step_3"": ""The information relevant to the decision reason—specifically, the probability of a favorable outcome (no loss)—is present in the verbal report: the individual explicitly mentions choosing the chance of not making a loss. This implies consideration of the favorable outcome probability. Although the individual does not state the 50% probability explicitly, the choice is framed around avoiding loss, which is the key element of the reason. The justification (choosing the chance of no loss) matches the rule of the reason: preferring the lottery with a higher probability of a favorable outcome. Even without explicit probability comparison, the reasoning reflects the use of the reason’s logic. Therefore, the individual used the decision reason to make the decision."",
  ""final_assessment_score"": 100
}"
13,"{
  ""step_1"": ""The decision reason evaluates lotteries based on the probability of obtaining a favorable outcome. A 'favorable outcome' is defined implicitly as a positive monetary outcome (i.e., more than 0 Euros). The reason states that differences in outcomes are negligible and thus focuses on which lottery has a higher probability of yielding a favorable outcome. We analyze the lotteries accordingly:\n\nLottery A:\n- 6000 Euros with 25% probability (favorable)\n- 0 Euros with 75% probability (not favorable)\n→ Probability of favorable outcome = 25%\n\nLottery B:\n- 4000 Euros with 25% probability (favorable)\n- 2000 Euros with 25% probability (favorable)\n- 0 Euros with 50% probability (not favorable)\n→ Probability of favorable outcome = 25% + 25% = 50%\n\nThus, Lottery B has a higher probability (50%) of a favorable outcome compared to Lottery A (25%). The decision reason therefore prefers Lottery B. The relevant information (probabilities of favorable outcomes) is clearly derivable from the lotteries' structure and matches the condition of the reason."",
  ""step_2"": ""The individual states: 'Ich wählte Lotterie B, da sie mit weniger Risiko verbunden war' (I chose Lottery B because it was associated with less risk). This indicates that the individual's justification is based on perceived risk, not on the probability of favorable outcomes. The report does not mention probabilities of positive outcomes, nor does it reference the comparison of favorable outcome probabilities. Instead, the individual frames the decision in terms of risk, which is a different concept (e.g., variability of outcomes, potential loss, or uncertainty). There is no explicit or implicit reference to evaluating the likelihood of obtaining a positive amount. Therefore, the deliberation process described focuses on risk perception rather than the specific rule of comparing probabilities of favorable outcomes as in the decision reason."",
  ""step_3"": ""The decision reason requires the individual to consider the probability of a favorable outcome (i.e., receiving more than 0 Euros) and to prefer the lottery with the higher such probability. In this case, Lottery B has a 50% chance of a favorable outcome, compared to 25% for Lottery A. This matches the rule of the decision reason.\n\nHowever, in the verbal report, the individual does not mention favorable outcomes or their probabilities. Instead, the justification is based on 'less risk', which is a different psychological or intuitive concept. While 'less risk' might correlate with lower variance or higher certainty, it does not equate to the specific reasoning of comparing favorable outcome probabilities. The individual does not articulate the comparison of favorable outcomes, nor does the justification follow the rule of the decision reason.\n\nTherefore, although the outcome (choosing B) aligns with what the reason would predict, the reasoning process described does not reflect the use of the decision reason’s specific rule. The individual’s justification is based on a different criterion (risk perception), not on the probability of favorable outcomes.\n\nThus, the decision reason was not used in the deliberation process as described."",
  ""final_assessment_score"": 30
}"
14,"{
  ""step_1"": ""The decision reason evaluates the lotteries based on the probability of obtaining a favorable outcome. A favorable outcome is defined as a non-negative outcome (i.e., 0 or positive). In Lottery A, the possible outcomes are -4000, -2000, or 0 Euros. Thus, the probability of a favorable outcome (0 Euros) is 50%. In Lottery B, the outcomes are -6000 with 25% probability and 0 with 75% probability. Therefore, the probability of a favorable outcome (0 Euros) is 75%. The reason states that differences in outcomes are negligible and that the lottery with the higher probability of a favorable outcome is preferred. Thus, the relevant information is: Lottery A has a 50% chance of a favorable outcome, Lottery B has a 75% chance. The reason clearly applies to this decision problem and can be evaluated using the provided probabilities and outcomes."",
  ""step_2"": ""The individual's verbal report states: 'Wie jedes Mal verglich ich erstmal die Ergebnisse und dann die Wahrscheinlichkeit. Ich wählte Lotterie B.' This translates to: 'Every time, I first compared the results and then the probability. I chose Lottery B.' The individual explicitly mentions comparing the results (outcomes) and then the probabilities. This indicates that they considered the outcomes and the probabilities of the lotteries. The choice of Lottery B is made after this comparison. However, the report does not specify what exactly was compared about the outcomes or how the probability comparison was conducted. It does not explicitly state that the favorable outcome (non-negative) was identified or that the probability of a favorable outcome was evaluated. The individual only says they compared results and probabilities and chose B, without elaborating on the basis of the comparison beyond that."",
  ""step_3"": ""The decision reason requires: (1) recognizing that outcome differences are negligible, and (2) preferring the lottery with the higher probability of a favorable outcome (i.e., non-negative outcome). In this case, Lottery B has a 75% chance of a favorable outcome (0 Euros), while Lottery A has only a 50% chance. The individual acknowledges comparing outcomes and probabilities, which aligns with the first step of the reason. However, there is no explicit mention of identifying a 'favorable outcome' or evaluating the probability of a non-negative result. The report does not describe the reasoning behind preferring B based on the probability of a favorable outcome. While the individual chose B, the justification is vague and does not reflect the specific rule of the decision reason. Therefore, although some elements of the reason are present (comparing outcomes and probabilities), the specific rule—preferring higher probability of a favorable outcome—is not clearly or explicitly used. The reasoning lacks the key component of defining and comparing favorable outcomes."",
  ""final_assessment_score"": 40
}"
15,"{
  ""step_1"": ""The decision reason evaluates the lotteries based on the probability of obtaining a favorable outcome. A favorable outcome is defined as receiving money (i.e., more than 0 Euros). In Lottery A, the favorable outcome (5000 Euros) occurs with a 0.1% probability, while in Lottery B, the favorable outcome (5 Euros) occurs with 100% probability. The reason states that differences in outcomes are negligible and thus focuses on which lottery has the higher probability of a favorable outcome. Therefore, the relevant information for the decision reason is: Lottery A has a 0.1% chance of a favorable outcome, Lottery B has a 100% chance. The reason would therefore prefer Lottery B due to its much higher probability of a favorable outcome. This reason is directly applicable to the decision problem as it compares probabilities of favorable outcomes, which are clearly defined in the lotteries."",
  ""step_2"": ""The individual's verbal report states: 'Ich wählte Lotterie A, da ich lieber einen Gewinn erziele, als keinen' (I chose Lottery A because I prefer winning something rather than nothing). This indicates that the individual considered the possibility of winning (a non-zero outcome) as preferable to no outcome. The individual's consideration centers on the preference for a positive outcome over zero, not on comparing the probabilities of those outcomes. There is no mention of evaluating probabilities, comparing likelihoods, or noting that one lottery has a higher chance of a favorable outcome. The justification is emotional or value-based (preference for winning), not probabilistic or based on the reason’s rule about higher probability of favorable outcomes."",
  ""step_3"": ""The decision reason requires comparing the probabilities of favorable outcomes and preferring the one with the higher probability. In this case, Lottery B has a 100% probability of a favorable outcome, while Lottery A has only 0.1%. Thus, according to the reason, Lottery B should be preferred. However, the individual chose Lottery A and justified the choice based on a preference for winning over nothing, without considering or referencing probabilities. The individual did not consider the probability of favorable outcomes or apply the rule that favors higher probability. Therefore, the decision reason was not used in the deliberation process. The justification is inconsistent with the rule of the decision reason, which focuses on probability, not on the mere existence of a non-zero outcome."",
  ""final_assessment_score"": 0
}"
16,"{
  ""step_1"": ""The decision reason evaluates the lotteries based on the probability of obtaining a favorable outcome. A favorable outcome is defined as not suffering a loss (i.e., receiving 0 euros). In Lottery A, the favorable outcome (0 euros) occurs with 99.9% probability, while in Lottery B, the outcome is a certain loss of 5 euros (no favorable outcome). The reason states that differences in outcomes are negligible and thus focuses on the probability of a favorable outcome. Therefore, the relevant information is: Lottery A has a 99.9% chance of a favorable outcome (0 euros), and Lottery B has 0% chance of a favorable outcome. The reason prefers the lottery with the higher probability of a favorable outcome. This reason is applicable to the decision problem as the outcomes and probabilities are clearly defined and the comparison of favorable outcomes is meaningful."",
  ""step_2"": ""The individual first compares the results and then the probabilities. The individual chooses Lottery B, stating that they prefer a minimal loss (5 euros) over the small chance of facing a large loss (5000 euros). The justification centers on risk aversion: avoiding a large potential loss even if it means accepting a small certain loss. The individual does not explicitly mention comparing the probability of a favorable outcome (i.e., receiving 0 euros), nor do they refer to the 99.9% chance of avoiding a large loss as a reason for preference. Instead, the reasoning is framed in terms of minimizing loss and emotional preference for certainty over uncertainty, not in terms of maximizing the probability of a favorable outcome. The deliberation process does not reflect the decision reason’s rule about favoring higher probability of favorable outcomes, even though the favorable outcome (0 euros) is present in Lottery A with high probability."",
  ""step_3"": ""The information relevant to the decision reason — specifically, the probability of a favorable outcome (0 euros) — is present in the lotteries: Lottery A has a 99.9% chance of a favorable outcome, while Lottery B has 0%. However, the individual does not consider or reference this comparison in their justification. Instead, they focus on the magnitude of the loss and prefer a small certain loss over a large uncertain loss. This reflects a different decision reason (e.g., risk aversion or loss aversion), not the one that prioritizes the probability of a favorable outcome. Therefore, the individual did not use the specified decision reason, which requires explicitly evaluating and preferring the lottery with the higher probability of a favorable outcome. The justification does not align with the rule of the decision reason. Thus, the decision reason was not used."",
  ""final_assessment_score"": 0
}"
17,"{
  ""step_1"": ""The decision reason evaluates the lotteries based on the probability of obtaining a favorable outcome. A favorable outcome is defined as a positive monetary result. In Lottery A, there is a 50% chance of winning 3000 Euros and a 50% chance of losing 3000 Euros. Thus, the favorable outcome (3000 Euros) occurs with 50% probability. In Lottery B, the favorable outcome (1500 Euros) occurs with 100% probability. The reason states that differences in outcomes are negligible and that the lottery with the higher probability of a favorable outcome is preferred. Therefore, the relevant information is: Lottery A has a 50% chance of a favorable outcome, Lottery B has a 100% chance. The reason prefers B over A because it has a higher probability of a favorable outcome. This reason is directly applicable to the decision problem as it compares probabilities of favorable outcomes and makes a preference based on that."",
  ""step_2"": ""The individual states: 'Ich wählte Lotterie A, da es mir am sinnvolllsten erschien' (I chose Lottery A because it seemed most sensible to me). The report does not specify any reasoning about probabilities, favorable outcomes, or comparisons of probabilities of positive results. The justification is vague and general, referring only to subjective perception of sensibility without referencing the probability of favorable outcomes or any explicit comparison between the lotteries in terms of probability. No mention is made of the 50% vs. 100% probability of favorable outcomes or of the reason’s rule regarding preferring higher probability of favorable outcomes."",
  ""step_3"": ""The information relevant to the decision reason — specifically, the comparison of probabilities of favorable outcomes (50% for A, 100% for B) — is not considered or mentioned in the verbal report. The individual’s justification is based on a subjective evaluation of 'sinnvoll' (sensible), without referencing probability of favorable outcomes or any rule-based comparison. The decision reason requires explicitly considering the probability of favorable outcomes and preferring the one with higher such probability. Since the individual neither considers this comparison nor justifies the choice using this rule, the decision reason was not used. Therefore, the assessment is that the decision reason was not used."",
  ""final_assessment_score"": 0
}"
18,"{
  ""step_1"": ""The decision reason evaluates the lotteries based on the probability of obtaining a favorable outcome. A favorable outcome is defined as a positive monetary result (i.e., winning money). In Lottery A, the outcome is 2000 Euros with 100% probability, which is clearly favorable. In Lottery B, there is a 50% chance of winning 3000 Euros (favorable) and a 50% chance of losing 3000 Euros (unfavorable). The reason states that differences in outcomes are negligible and focuses on the probability of a favorable outcome. Thus, the relevant information is: Lottery A has a 100% probability of a favorable outcome, while Lottery B has a 50% probability. The reason prefers the lottery with the higher probability of a favorable outcome. This reason is directly applicable to the decision problem."",
  ""step_2"": ""The individual's verbal report states: 'Ich wählte Lotterie A, da ich sicher einen Gewinn erzielen werde.' This translates to: 'I chose Lottery A because I will certainly achieve a win.' The individual emphasizes certainty of winning, which reflects awareness of the 100% probability of a positive outcome in Lottery A. However, the report does not mention the 50% chance of losing in Lottery B, nor does it reference the probability of a favorable outcome being higher in A than in B. The justification is based on the certainty of winning rather than on a comparison of probabilities of favorable outcomes. The deliberation process described is focused on the certainty of a win, not on evaluating the probability of favorable outcomes as a comparative criterion."",
  ""step_3"": ""The relevant information from the decision reason — comparing the probability of favorable outcomes — is not explicitly considered or discussed in the verbal report. The individual does not mention the 50% favorable outcome in Lottery B or compare the probabilities of favorable outcomes between A and B. Instead, the justification is based solely on the certainty of winning in Lottery A. While the outcome in A is favorable with 100% probability, the individual does not articulate the rule of preferring the lottery with the higher probability of a favorable outcome. Therefore, the decision reason, which specifically compares the probability of favorable outcomes, is not used in the reasoning process. The individual's reasoning is consistent with a preference for certainty, but it does not reflect the specific rule of the decision reason. Thus, the decision reason was not used."",
  ""final_assessment_score"": 0
}"
19,"{
  ""step_1"": ""The decision reason evaluates lotteries based on the probability of obtaining a favorable outcome. It considers the outcomes and states that differences between them are negligible, and thus it prefers the lottery with the higher probability of a favorable outcome. In this case, Lottery A has a 50% chance of winning 3000 Euros and a 50% chance of losing 3000 Euros, while Lottery B offers a certain 1000 Euros. A favorable outcome is interpreted as receiving a positive amount (i.e., more than zero). Therefore, Lottery B has a 100% chance of a favorable outcome (1000 Euros), while Lottery A has only a 50% chance of a favorable outcome (3000 Euros). Thus, according to the decision reason, Lottery B should be preferred due to its higher probability of a favorable outcome. The reason is directly applicable to this decision problem because the outcomes and their probabilities are clearly defined and relevant to evaluating favorable outcomes."",
  ""step_2"": ""The individual chose Lottery A. In the verbal report, the person explains that they chose A because in this case, they had a 'too bad second option' (i.e., -3000 Euros) compared to a previous scenario where the second option was 2000 Euros. This suggests the individual is referencing a past experience where the second outcome was less bad (2000 Euros), and now, in this decision, they perceive the second outcome of A (-3000 Euros) as worse. The individual does not mention probabilities, favorable outcomes, or comparisons based on the likelihood of positive results. Instead, the justification is based on a comparison of the negative outcome in A versus a past scenario with a less negative outcome. Therefore, the individual's deliberation is centered on emotional or experiential framing of the loss, not on probabilistic evaluation of favorable outcomes. There is no reference to the probability of a favorable outcome or any rule-based comparison of probabilities between the lotteries."",
  ""step_3"": ""The decision reason requires the individual to consider the probability of a favorable outcome and to prefer the lottery with the higher probability of such an outcome. However, the individual's reasoning is based on a subjective comparison of the second outcome in a past scenario (2000 Euros vs. -3000 Euros), not on evaluating the probability of a favorable outcome. The individual does not mention the 50% chance of a positive outcome in A or the 100% chance in B. There is no indication that they applied the rule of preferring higher probability of favorable outcomes. Instead, the justification is experiential and emotional, not probabilistic. Therefore, the decision reason was not used in the deliberation process. The individual did not consider the relevant information (probabilities of favorable outcomes) or apply the rule of the reason to justify the choice."",
  ""final_assessment_score"": 0
}"
20,"{
  ""step_1"": ""The decision reason evaluates lotteries based on the probability of a favorable outcome. A favorable outcome is defined as obtaining a positive result (e.g., 6000 Euros). In Lottery B, there is a 50% chance of gaining 6000 Euros and a 50% chance of losing 6000 Euros. Thus, the favorable outcome (6000 Euros) occurs with 50% probability. In Lottery A, there is a 100% chance of receiving 0 Euros, which is neither a gain nor a loss. The reason considers the differences between outcomes negligible and focuses on the probability of a favorable outcome. Therefore, the reason would prefer the lottery with the higher probability of a favorable outcome — Lottery B has 50% chance, while Lottery A has 0% chance of a favorable outcome. Hence, the reason would prefer Lottery B over A. The decision reason is applicable to this problem because the outcomes and their probabilities are clearly defined and the favorable outcome (positive monetary gain) can be identified and compared."",
  ""step_2"": ""The individual chose Lottery A, stating that the risk of losing 6000 Euros with 50% probability is too large. The individual explicitly focuses on the risk of loss rather than the probability of a favorable outcome. The report does not mention any consideration of the 50% chance of gaining 6000 Euros or the probability of a favorable outcome. Instead, the justification centers on the perceived magnitude of the loss and the individual's aversion to risk. No reference is made to comparing probabilities of favorable outcomes or to the idea that a higher probability of a favorable outcome should be preferred. Thus, the individual's deliberation is centered on risk aversion and loss avoidance, not on the decision reason's rule about favorable outcomes and their probabilities."",
  ""step_3"": ""The information relevant to the decision reason — specifically, the probability of a favorable outcome (6000 Euros) — is not considered by the individual. The individual focuses solely on the risk of loss, not on the favorable outcome. The decision reason's rule is to prefer the lottery with the higher probability of a favorable outcome. Lottery B has a 50% chance of a favorable outcome, while Lottery A has 0%. The individual’s justification does not reference this comparison. Instead, the individual avoids the lottery due to the risk of loss. Therefore, the decision reason was not used. The individual's reasoning is based on risk aversion and loss fear, not on evaluating favorable outcomes by probability. This indicates that the decision reason was not applied."",
  ""final_assessment_score"": 0
}"
