problemID,response
1,"{
  ""step_1"": ""The decision reason is based on comparing the variances of the two lotteries. Variance measures the spread of possible outcomes around the expected value. To compute variance, we need the probabilities and outcomes of each lottery. For Lottery A: outcomes are 2500 (33%), 2400 (66%), and 0 (1%). For Lottery B: outcome is 2400 (100%). The variance of Lottery A can be calculated because it has uncertain outcomes that deviate from its expected value. Lottery B has no variance because it yields a certain outcome. Thus, Lottery A has higher variance than Lottery B. The decision reason, which prefers the lottery with larger variance, would prefer Lottery A. The reason is applicable to this decision problem."",
  ""step_2"": ""The verbal report states: 'B, sicherer relativ hoher Gewinn', which translates to 'B, a certain relatively high gain'. The individual emphasizes the certainty of the outcome in Lottery B and describes the amount (2400 Euros) as relatively high. The consideration of 'sicherer' (certain) indicates a focus on the risk or variability of the options, favoring the one without risk. The justification centers on security and the acceptability of the amount, implying a preference for guaranteed outcomes over risky ones. There is no mention of variance, spread, uncertainty in outcomes, or mathematical concepts. The individual appears to value safety and predictability."",
  ""step_3"": ""The decision reason focuses on variance and prefers higher variance, which would lead to choosing Lottery A. However, the individual chooses B and justifies this based on its certainty and the relative attractiveness of the guaranteed payoff. The individual is concerned with risk, but in the opposite direction—avoiding variance rather than seeking it. While both the reason and the individual consider outcome variability, the individual's preference is for lower variance, directly contradicting the decision reason's rule. Therefore, the individual did not use this variance-maximizing reason; instead, they used a risk-averse or certainty-seeking heuristic. The reasoning direction is opposite to that of the decision reason."",
  ""final_assessment_score"": 0
}"
2,"{
  ""step_1"": ""The decision reason is based on comparing the variances of the two lotteries and preferring the one with the larger variance. Variance can be computed from the outcomes and probabilities. For Lottery A: outcome 2400 with probability 0.34, 0 with probability 0.66. The expected value is 2400 * 0.34 = 816. Variance = (2400 - 816)^2 * 0.34 + (0 - 816)^2 * 0.66 ≈ 1,066,329.6. For Lottery B: outcome 2500 with probability 0.33, 0 with probability 0.67. Expected value = 2500 * 0.33 = 825. Variance = (2500 - 825)^2 * 0.33 + (0 - 825)^2 * 0.67 ≈ 1,153,687.5. Thus, Lottery B has a higher variance than Lottery A. The decision reason would prefer Lottery B."",
  ""step_2"": ""The individual considers two aspects: (1) the probability of winning something, which they note is only slightly lower in Lottery B (33%) than in Lottery A (34%), and (2) the monetary amount, which is higher in Lottery B (2500 vs. 2400). They emphasize that the higher amount in B is 'deutlich höher' (clearly higher), while the difference in probability is 'unwesentlich' (insignificant). Their justification appears to weigh the higher payoff in B as more important than the slightly lower chance of winning. There is no mention of variance, risk in statistical terms, or any concept related to dispersion around the mean. The reasoning is qualitative and focuses on intuitive trade-offs between probability and payoff size."",
  ""step_3"": ""The decision reason relies on variance, a statistical measure of dispersion, and prefers the lottery with greater variance (Lottery B). The individual considers the probabilities and payoffs, which are inputs to variance, but does not combine them in a way that reflects variance calculation or any concept of spread. Instead, they perform a qualitative trade-off, favoring the higher outcome despite a slightly lower probability. This kind of reasoning aligns more with a 'satisficing' or 'priority heuristic' approach rather than variance-based evaluation. While both the reason and the individual end up favoring Lottery B, the justification is not based on variance. The individual does not reference or imply any concept related to variability or dispersion. Therefore, although the relevant inputs (probabilities and outcomes) are considered, the processing rule (variance comparison) is absent in the verbal report."",
  ""final_assessment_score"": 20
}"
3,"{
  ""step_1"": ""The decision reason is based on comparing the variances of the two lotteries and preferring the one with the larger variance. Variance can be calculated from the outcomes and probabilities. For Lottery A: outcome is 3000 Euros with 100% probability, so variance = 0 (no variability). For Lottery B: outcomes are 4000 (80%) and 0 (20%), so expected value = 0.8 * 4000 + 0.2 * 0 = 3200; variance = 0.8*(4000 - 3200)^2 + 0.2*(0 - 3200)^2 = 0.8*640000 + 0.2*10240000 = 512000 + 2048000 = 2560000. Thus, Lottery B has a much higher variance than Lottery A. The reason would prefer Lottery B. The reason is applicable to the decision problem."",
  ""step_2"": ""The individual writes: 'A, da sicherer Gewinn von relativ hohem Betrag' (translation: 'A, because a safe win of a relatively high amount'). This indicates that the individual considered the certainty of the outcome and judged the amount (3000 Euros) as relatively high. The justification focuses on the safety (i.e., absence of risk) of Lottery A, implying aversion to uncertainty. The individual does not mention variability, spread of outcomes, or any concept related to variance. The deliberation emphasizes security and the adequacy of the guaranteed amount."",
  ""step_3"": ""The decision reason requires evaluating and preferring the lottery with higher variance (Lottery B). However, the individual chooses A due to its certainty, which directly opposes the preference for higher variance. The individual considers the riskiness of the option but values safety, which is inconsistent with a preference for higher variance. There is no mention or implication of calculating or considering variance. The information considered (certainty, magnitude of guaranteed outcome) is unrelated to the variance-based rule. Therefore, the decision reason was not used in the deliberation."",
  ""final_assessment_score"": 0
}"
4,"{
  ""step_1"": ""The decision reason is based on comparing the variances of the two lotteries and preferring the one with the larger variance. Variance can be computed from the outcomes and probabilities. For Lottery A: Expected value = 4000 * 0.2 + 0 * 0.8 = 800; Variance = (4000 - 800)^2 * 0.2 + (0 - 800)^2 * 0.8 = (3200)^2 * 0.2 + (800)^2 * 0.8 = 2,048,000 + 512,000 = 2,560,000. For Lottery B: Expected value = 3000 * 0.25 + 0 * 0.75 = 750; Variance = (3000 - 750)^2 * 0.25 + (0 - 750)^2 * 0.75 = (2250)^2 * 0.25 + (750)^2 * 0.75 = 1,265,625 + 421,875 = 1,687,500. Thus, Lottery A has a higher variance (2,560,000 > 1,687,500), so the decision reason would prefer Lottery A."",
  ""step_2"": ""The individual reports: 'A, da die Whrslk., etwas zu gewinnen, fast ebenso hoch ist wie bei B, der Gewinn aber wesentlich höher ausfiele.' This translates to: 'A, because the probability of winning something is almost as high as in B, but the prize would be significantly higher.' The individual considers the probability of a non-zero outcome (i.e., 20% vs. 25%) and compares it as 'almost as high', and emphasizes the higher potential payoff in A (4000 vs. 3000). The justification centers on a trade-off between a slightly lower chance of winning and a higher reward if winning. There is no mention of variance, risk dispersion, or statistical measures of spread."",
  ""step_3"": ""The decision reason relies on variance, a quantitative measure of spread around the expected value. The individual, however, focuses on the near-comparability of winning probabilities and the higher maximum outcome in A. This reasoning aligns more with a 'satisficing' or 'priority to maximum gain' heuristic rather than a variance-based evaluation. Although Lottery A has higher variance and the individual chooses A, the justification does not reference dispersion or variability of outcomes. The considered information (probability of non-zero gain and size of prize) overlaps partially with variance components (outcomes and probabilities), but the rule used (higher prize with similar chance) differs from the variance-maximizing rule. Therefore, the match in choice is coincidental, not due to use of the variance reason."",
  ""final_assessment_score"": 20
}"
5,"{
  ""step_1"": ""The decision reason is based on comparing the variances of the two lotteries and preferring the one with the larger variance. Variance can be computed from the outcomes and probabilities. For Lottery A: outcomes are 3000 (90%) and 0 (10%). Expected value = 0.9 * 3000 + 0.1 * 0 = 2700. Variance = 0.9*(3000 - 2700)^2 + 0.1*(0 - 2700)^2 = 0.9*(300)^2 + 0.1*(2700)^2 = 810,000 + 729,000 = 1,539,000. For Lottery B: outcomes are 6000 (45%) and 0 (55%). Expected value = 0.45 * 6000 = 2700. Variance = 0.45*(6000 - 2700)^2 + 0.55*(0 - 2700)^2 = 0.45*(3300)^2 + 0.55*(2700)^2 = 4,900,500 + 4,009,500 = 8,910,000. Thus, Lottery B has a much higher variance than Lottery A. The decision reason would prefer Lottery B because it has the larger variance."",
  ""step_2"": ""The individual reports: 'Vertippt. A, da es die Wahrscheinlichkeit zu 90% gibt, 3000 € zu erhalten. Risiko bei B, nichts zu erhalten, ist mir zu hoch.' This translates to: 'Mistake. A, because there is a 90% chance of receiving 3000 €. The risk in B of receiving nothing is too high.' The individual focuses on the high probability (90%) of receiving a positive amount in Lottery A and expresses aversion to the risk in Lottery B, particularly the 55% chance of getting nothing. The justification centers on risk avoidance and the high likelihood of a guaranteed gain in A. There is no mention of variance, spread of outcomes, or comparison of outcome variability. The individual appears to prefer A due to its lower risk and higher security, despite both lotteries having the same expected value."",
  ""step_3"": ""The decision reason requires preferring the lottery with higher variance, which is Lottery B. However, the individual chooses A and justifies this based on the high probability of winning and the desire to avoid the risk of getting nothing in B. This indicates a preference for lower variance, not higher. The individual considers probabilities and outcomes, but focuses on the likelihood of non-zero outcomes and risk avoidance—opposite to the logic of preferring higher variance. There is no indication that variance or outcome dispersion was considered. The reasoning is inconsistent with the decision reason, which would favor B due to its higher variance. Therefore, it is certain that the individual did not use the variance-based decision reason."",
  ""final_assessment_score"": 0
}"
6,"{
  ""step_1"": ""The decision reason is based on comparing the variances of the two lotteries and preferring the one with the larger variance. Variance can be computed from the outcomes and probabilities. For Lottery A: outcome 3000 with probability 0.002, 0 with 0.998. Variance of A = (3000)^2 * 0.002 * (1 - 0.002) ≈ 9,000,000 * 0.002 * 0.998 ≈ 17,964. For Lottery B: outcome 6000 with probability 0.001, 0 with 0.999. Variance of B = (6000)^2 * 0.001 * 0.999 ≈ 36,000,000 * 0.001 * 0.999 ≈ 35,964. Thus, Lottery B has a higher variance than Lottery A. The decision reason would prefer Lottery B."",
  ""step_2"": ""The individual considers the probabilities of winning something in both lotteries, noting they are 'very similarly low' (\""sehr ähnlich gering\""). This suggests the individual perceives the probabilities of non-zero outcomes as approximately equal. The individual then emphasizes that the payoff in Lottery B is 'much higher' (\""wesentlich höher\"") than in Lottery A. The justification for choosing B is based on the higher potential gain despite similar (low) chances of winning. The individual does not mention variance, risk in statistical terms, or any concept related to dispersion around the expected value."",
  ""step_3"": ""The decision reason requires consideration of variance, which depends on both the squared deviations from the expected value and their probabilities. While the individual considers the outcomes and probabilities, they focus only on the higher payoff in B and the similar (low) chance of winning compared to A. This reasoning aligns more with a 'maximax' or 'aspiration level' heuristic—choosing the option with the best possible outcome when probabilities are perceived as negligible or similar—rather than a formal variance comparison. Although Lottery B does have higher variance and the individual chooses B, the reasoning provided does not reference dispersion, variability, or any concept equivalent to variance. The justification is outcome-focused (higher prize) rather than distribution-focused. Therefore, while the choice aligns with the decision reason’s recommendation, the deliberation process described does not reflect the use of variance as a criterion."",
  ""final_assessment_score"": 20
}"
7,"{
  ""step_1"": ""The decision reason is based on comparing the variances of the two lotteries and preferring the one with the larger variance. Variance measures the spread of outcomes around the expected value. For Lottery A: the outcome is certain at -3000 Euros, so its variance is 0. For Lottery B: there are two outcomes, -4000 with 80% probability and 0 with 20%. The expected value of B is (0.8 × -4000) + (0.2 × 0) = -3200. The variance is calculated as: 0.8 × (-4000 - (-3200))² + 0.2 × (0 - (-3200))² = 0.8 × (-800)² + 0.2 × (3200)² = 0.8 × 640000 + 0.2 × 10240000 = 512000 + 2048000 = 2560000. Thus, Lottery B has a much higher variance than Lottery A (which has 0 variance). The decision reason would therefore prefer Lottery B due to its higher variance. The relevant information (outcomes and probabilities) is available, so the reason can be applied."",
  ""step_2"": ""The individual chose Lottery B and justifies the choice in German: 'B, weil es eine Chance gibt, nichts zu verlieren und der Betrag des Verlusts in einem ähnlichen Bereich liegt wie bei A.' Translated: 'B, because there is a chance to lose nothing and the amount of the loss is in a similar range as in A.' The individual focuses on two aspects: (1) the possibility of losing nothing (i.e., the 20% chance of 0 Euros in B), and (2) the similarity in the magnitude of potential losses between A (-3000 for sure) and B (-4000 with 80%). The justification centers on the existence of a no-loss outcome and the comparability of loss amounts, indicating a preference for risk or uncertainty due to the chance of avoiding loss. The individual does not mention variance, spread, or statistical dispersion explicitly, but does attend to the probabilistic nature and range of outcomes."",
  ""step_3"": ""The decision reason relies on variance, which captures the spread of outcomes. The individual considers the range of outcomes and the presence of a zero-loss possibility, which are components that contribute to variance (especially the spread and uncertainty). While the individual does not reference variance directly or perform any calculation, their attention to the possibility of avoiding loss (0 Euros) and the relative similarity in loss magnitudes suggests sensitivity to outcome dispersion. This aligns conceptually with variance-based reasoning, though less formally. The justification emphasizes uncertainty as a positive feature (a chance to lose nothing), which is consistent with preferring higher variance when losses are involved (risk-seeking in losses). Given that Lottery B has higher variance and the individual prefers it for reasons tied to outcome variability, it is plausible—but not certain—that variance-related thinking underlies their choice. However, the absence of any explicit or implicit reference to spread, deviation, or comparison of variability beyond the zero outcome reduces confidence. The reasoning is more aligned with 'chance to avoid loss' than with overall variance. Therefore, while there is some conceptual overlap, the reasoning is not clearly based on variance as a comprehensive measure."",
  ""final_assessment_score"": 60
}"
8,"{
  ""step_1"": ""The decision reason is based on comparing the variances of the two lotteries and preferring the one with the larger variance. Variance can be computed from the outcomes and probabilities. For Lottery A: outcomes are -4000 (20%) and 0 (80%). The expected value is (-4000)(0.2) + (0)(0.8) = -800. The variance is (0.2)(-4000 + 800)^2 + (0.8)(0 + 800)^2 = (0.2)(3200)^2 + (0.8)(800)^2 = 0.2*10,240,000 + 0.8*640,000 = 2,048,000 + 512,000 = 2,560,000. For Lottery B: outcomes are -3000 (25%) and 0 (75%). The expected value is (-3000)(0.25) + (0)(0.75) = -750. The variance is (0.25)(-3000 + 750)^2 + (0.75)(0 + 750)^2 = (0.25)(2250)^2 + (0.75)(750)^2 = 0.25*5,062,500 + 0.75*562,500 = 1,265,625 + 421,875 = 1,687,500. Therefore, Lottery A has a higher variance (2,560,000 > 1,687,500), so the decision reason would prefer Lottery A. The reason is applicable to the decision problem."",
  ""step_2"": ""The individual wrote: 'A, da Wahrscheinlichkeit des Verlusts etwas geringer ist und Verlust in ähnlicher Größenordnung wäre wie bei B.' This translates to: 'A, because the probability of loss is somewhat lower and the loss would be of similar magnitude as in B.' The individual considered two aspects: (1) the probability of incurring a loss (20% for A vs. 25% for B), and (2) the magnitude of the potential loss (-4000 in A vs. -3000 in B), noting that although A's loss is larger, it is of 'similar' size. The justification focuses on comparing the likelihood and size of losses, with a preference for the option with lower loss probability, even if the loss is slightly larger. The individual does not mention variance, spread, risk in statistical terms, or any concept related to dispersion around the mean."",
  ""step_3"": ""The decision reason depends on comparing variances, which reflect the dispersion of outcomes around the expected value. The individual, however, based their decision on a comparison of loss probability and perceived similarity in loss magnitude. While both lotteries involve negative outcomes, the individual's reasoning centers on minimizing the chance of a loss, not on maximizing variance. Although Lottery A does have higher variance and the individual chose A, the justification does not reference any element of dispersion or statistical variability. There is no mention of how outcomes vary or how risk is distributed beyond the likelihood and size of the worst outcome. Therefore, the information considered (loss probability and loss size) does not align with the variance-based information (expected value and squared deviations). The justification rule (favor lower loss probability with tolerable increase in loss size) differs from the variance-based rule (favor higher dispersion). The reasoning is more consistent with a 'minimize loss chance' heuristic than a variance-maximizing strategy."",
  ""final_assessment_score"": 10
}"
9,"{
  ""step_1"": ""The decision reason is based on comparing the variances of the two lotteries and preferring the one with the larger variance. Variance can be computed from the outcomes and probabilities of each lottery. For Lottery A: outcomes are -3000 (90%) and 0 (10%), so the expected value is (-3000)(0.9) + (0)(0.1) = -2700. The variance is ( (-3000 - (-2700))^2 * 0.9 ) + ( (0 - (-2700))^2 * 0.1 ) = (90000 * 0.9) + (7290000 * 0.1) = 81000 + 729000 = 810,000. For Lottery B: outcomes are -6000 (45%) and 0 (55%), expected value is (-6000)(0.45) + (0)(0.55) = -2700. Variance is ( (-6000 - (-2700))^2 * 0.45 ) + ( (0 - (-2700))^2 * 0.55 ) = (10890000 * 0.45) + (7290000 * 0.55) = 4,900,500 + 4,009,500 = 8,910,000. Thus, Lottery B has a much higher variance than Lottery A. The decision reason would prefer Lottery B. The reason is applicable to the decision problem."",
  ""step_2"": ""The verbal report is very brief: 'B, habe Lust mal ein Risiko einzugehen' (translation: 'B, I feel like taking a risk for once'). The individual expresses a desire to take a risk, which implies a preference for a riskier option. The only information considered appears to be the perceived riskiness of choosing B. The justification for the choice is affective and experiential—based on a desire for risk-taking—rather than on a calculation or explicit comparison of statistical properties like variance. However, the mention of 'risk' suggests awareness that B is riskier, aligning with the higher variance."",
  ""step_3"": ""The decision reason focuses on variance as a quantitative measure of risk and prefers the higher-variance option (B). The individual’s report indicates a motivation to take a risk and chooses B, which is indeed the riskier (higher-variance) option. While the individual does not mention variance explicitly or perform any calculation, the concept of 'risk' aligns with variance as a measure of dispersion. The justification ('wanting to take a risk') is consistent with being sensitive to variance, though it does not confirm the use of variance as a formal or deliberate criterion. The match between the reason’s preference (B) and the individual’s choice is clear, and the concept of risk aligns with variance, but the lack of any reference to variability, spread, or numerical assessment reduces confidence that variance was actively used as a decision rule. Therefore, while the individual may be responding to the same underlying property (risk/variance), the deliberation does not clearly reflect the structured use of variance comparison."",
  ""final_assessment_score"": 60
}"
10,"{
  ""step_1"": ""The decision reason is based on comparing the variances of the two lotteries and preferring the one with the larger variance. Variance can be computed from the outcomes and probabilities. For Lottery A: outcomes are -3000 with probability 0.002 and 0 with probability 0.998. The expected value is (-3000)(0.002) + (0)(0.998) = -6. Variance = (0.002)(-3000 + 6)^2 + (0.998)(0 + 6)^2 ≈ (0.002)(2994)^2 + (0.998)(36) ≈ 0.002*8,964,036 + 35.928 ≈ 17,928.07 + 35.928 ≈ 17,964. For Lottery B: outcomes are -6000 with probability 0.001 and 0 with probability 0.999. Expected value = (-6000)(0.001) = -6. Variance = (0.001)(-6000 + 6)^2 + (0.999)(0 + 6)^2 ≈ (0.001)(5994)^2 + (0.999)(36) ≈ 0.001*35,928,036 + 35.964 ≈ 35,928.04 + 35.964 ≈ 35,964. Thus, Lottery B has a higher variance than Lottery A. The decision reason would prefer Lottery B. The reason can be applied to the decision problem."",
  ""step_2"": ""The individual’s verbal report is in German and translates to: 'A, because the loss in B is too high (even though the probability is very low)'. The individual focuses on the magnitude of the potential loss in Lottery B (-6000) compared to Lottery A (-3000), acknowledging that the probability of loss is small but still finding the size of the loss in B unacceptable. The justification is based on loss aversion or sensitivity to worst-case outcomes, not on statistical dispersion or variance. The individual considers the outcomes and their magnitudes, particularly the maximum loss, and weighs this heavily despite low probabilities. There is no mention of variance, spread, or any concept related to distributional dispersion."",
  ""step_3"": ""The decision reason relies on variance as the criterion and would prefer Lottery B due to its higher variance. However, the individual chooses Lottery A and justifies this by the unacceptably high loss in B, indicating a focus on outcome severity rather than statistical variability. The information considered by the individual (maximum loss magnitude) differs from the information required by the decision reason (variance, which depends on squared deviations from the mean). Furthermore, the individual’s justification is consistent with a minimax or loss-aversion heuristic, not a variance-maximizing rule. There is no indication that the individual computed or considered variance. Therefore, the decision reason was not used."",
  ""final_assessment_score"": 0
}"
11,"{
  ""step_1"": ""The decision reason is based on comparing the variances of the two lotteries and preferring the one with the larger variance. Lottery A offers 500 Euros with 100% probability, so its expected value is 500 and its variance is 0 (since there is no uncertainty). Lottery B offers 1000 Euros with 50% probability and 0 Euros with 50% probability, so its expected value is (0.5 * 1000) + (0.5 * 0) = 500, and its variance is (0.5 * (1000 - 500)^2) + (0.5 * (0 - 500)^2) = 0.5 * 250000 + 0.5 * 250000 = 250000. Thus, Lottery B has a higher variance than Lottery A. The decision reason would prefer Lottery B due to its higher variance. The information needed to apply this reason (outcomes and probabilities) is fully available, so the reason can be applied to this decision problem."",
  ""step_2"": ""The individual's verbal report states: 'A, weil 100%ige Wahrslk, 500€ zu gewinnen. Risiko bei B, nichts zu gewinnen, ist mir zu hoch.' This translates to: 'A, because 100% chance of winning 500€. The risk in B of winning nothing is too high.' The individual focuses on the certainty of receiving 500€ in Lottery A and expresses aversion to the risk in Lottery B, particularly the 50% chance of receiving nothing. The justification is based on risk avoidance and preference for certainty, not on a comparison of variability or dispersion of outcomes in a statistical sense. The individual considers the probabilities and outcomes, especially the possibility of getting nothing in B, and uses this to justify choosing A."",
  ""step_3"": ""The decision reason requires a focus on variance (a statistical measure of spread) and a preference for higher variance. While the lotteries differ in variance and this can be computed, the individual's reasoning does not mention or imply any consideration of variance as a concept. Instead, the individual emphasizes the certainty of outcome in A and expresses discomfort with the risk of receiving nothing in B—indicating risk aversion, which is contrary to preferring higher variance. The information considered by the individual (certainty, risk of zero payoff) overlaps partially with the inputs needed to compute variance (outcomes and probabilities), but the justification is based on minimizing risk, not maximizing variability. Therefore, the individual's reasoning contradicts the rule of the decision reason, which favors higher variance. There is no indication that the individual used variance as a criterion; on the contrary, their preference for certainty implies a preference for lower variance."",
  ""final_assessment_score"": 0
}"
12,"{
  ""step_1"": ""The decision reason is based on comparing the variances of the two lotteries and preferring the one with the larger variance. Lottery A yields -500 Euros with 100% probability, so its expected value is -500 and its variance is 0 (no spread around the mean). Lottery B yields -1000 Euros with 50% probability and 0 Euros with 50% probability. Its expected value is (-1000 * 0.5) + (0 * 0.5) = -500. The variance is calculated as: 0.5*(-1000 - (-500))² + 0.5*(0 - (-500))² = 0.5*(500)² + 0.5*(500)² = 250,000. Thus, Lottery B has a much larger variance than Lottery A. The decision reason would therefore prefer Lottery B. The reason can be applied to this decision problem, and it clearly favors Lottery B."",
  ""step_2"": ""The individual chose Lottery B. In the verbal report, the individual states: 'B, da es die Möglichkeit gibt, keinen Verlust zu erzielen.' This translates to 'B, because there is a possibility of not incurring a loss.' The individual focuses on the fact that Lottery B offers a 50% chance of avoiding a loss (i.e., getting 0 Euros), which contrasts with Lottery A, which guarantees a loss of 500 Euros. The justification centers on the possibility of avoiding a loss altogether, rather than on the spread or variability of outcomes. The individual considers the best possible outcome of each lottery and appears to value the presence of a zero-loss outcome in Lottery B."",
  ""step_3"": ""The decision reason is based on variance, which reflects the overall spread of outcomes around the mean. The individual, however, focuses only on the possibility of avoiding a loss (i.e., the presence of a zero outcome), which is a different consideration. While both the decision reason and the individual’s justification lead to preferring Lottery B, the underlying rationale differs: variance takes into account both the deviation from the mean and the full distribution, whereas the individual only highlights the existence of a no-loss outcome. There is no mention of variability, spread, or differences in outcome ranges. Therefore, although the choice aligns with the decision reason, the reasoning process described does not reflect variance-based thinking. The information considered and the justification provided are not aligned with the variance comparison rule."",
  ""final_assessment_score"": 20
}"
13,"{
  ""step_1"": ""The decision reason is based on comparing the variances of the two lotteries and preferring the one with the larger variance. To compute variance, we need the possible outcomes and their probabilities for each lottery. For Lottery A: outcomes are 4000 (25%), 2000 (25%), and 0 (50%). The expected value is (0.25 × 4000) + (0.25 × 2000) + (0.5 × 0) = 1000 + 500 + 0 = 1500. Variance = 0.25×(4000−1500)² + 0.25×(2000−1500)² + 0.5×(0−1500)² = 0.25×6,250,000 + 0.25×250,000 + 0.5×2,250,000 = 1,562,500 + 62,500 + 1,125,000 = 2,750,000. For Lottery B: outcomes are 6000 (25%) and 0 (75%). Expected value = 0.25×6000 = 1500. Variance = 0.25×(6000−1500)² + 0.75×(0−1500)² = 0.25×20,250,000 + 0.75×2,250,000 = 5,062,500 + 1,687,500 = 6,750,000. Therefore, Lottery B has a higher variance (6,750,000) than Lottery A (2,750,000), so the decision reason would prefer Lottery B. The reason is applicable because all necessary information is available."",
  ""step_2"": ""The verbal report is in German and translates to: 'A, because the probability of receiving nothing is lower than in B.' The individual focuses on the probability of getting zero in each lottery. In Lottery A, the probability of receiving 0 is 50%, while in Lottery B, it is 75%. The individual explicitly states that this lower chance of getting nothing is the justification for choosing A. Thus, the individual considered the likelihood of a zero outcome and used it as a decisive factor in their reasoning. No mention is made of outcome variability, spread, risk, variance, or similar statistical measures."",
  ""step_3"": ""The decision reason requires comparing variances and favoring the higher one (Lottery B). However, the individual chose Lottery A and justified this based solely on the lower probability of receiving nothing. This consideration relates to the likelihood of a bad outcome, not the overall dispersion of outcomes around the mean (which defines variance). The information used by the individual (probability of zero outcome) is different from the information required by the decision reason (all outcomes and their deviations from the mean). Furthermore, the individual’s justification (avoiding zero) does not align with the rule of the decision reason (maximizing variance). Therefore, there is no evidence that the individual computed or considered variance. The reasoning is based on a different criterion altogether."",
  ""final_assessment_score"": 0
}"
14,"{
  ""step_1"": ""The decision reason is based on comparing the variances of the two lotteries and preferring the one with the larger variance. Variance can be computed from the outcomes and probabilities of each lottery. For Lottery A: outcomes are -6000 (25%) and 0 (75%). The expected value is (-6000)(0.25) + (0)(0.75) = -1500. The variance is ( (-6000 - (-1500))^2 )(0.25) + ( (0 - (-1500))^2 )(0.75) = (4500^2)(0.25) + (1500^2)(0.75) = 5,062,500 + 1,687,500 = 6,750,000. For Lottery B: outcomes are -4000 (25%), -2000 (25%), and 0 (50%). The expected value is (-4000)(0.25) + (-2000)(0.25) + (0)(0.5) = -1000 - 500 = -1500. The variance is ( (-4000 + 1500)^2 )(0.25) + ( (-2000 + 1500)^2 )(0.25) + ( (0 + 1500)^2 )(0.5) = (2500^2)(0.25) + (500^2)(0.25) + (1500^2)(0.5) = 1,562,500 + 62,500 + 1,125,000 = 2,750,000. Thus, Lottery A has a higher variance (6,750,000) than Lottery B (2,750,000), so the decision reason would prefer Lottery A. The reason is applicable to the decision problem."",
  ""step_2"": ""The verbal report is in German and translates to: 'B, because there is no chance of losing as much as in A, and the probability of losing nothing is still at half.' The individual considers the maximum possible loss and notes that in Lottery A, one can lose 6000 Euros, whereas in Lottery B, the maximum loss is 4000 Euros. The individual also highlights that in Lottery B, the chance of losing nothing is 50%, which they consider favorable. The justification centers on avoiding large losses and appreciating a substantial chance of no loss. The individual does not mention variance, spread, or any statistical measure of dispersion. Their reasoning appears to be based on loss aversion and the appeal of a 50% chance of zero loss, not on variability in the statistical sense."",
  ""step_3"": ""The decision reason focuses on variance, which quantifies the spread of outcomes around the mean, and prefers the lottery with higher variance (Lottery A). However, the individual’s reasoning emphasizes avoiding the worst-case loss and values the 50% chance of no loss in Lottery B. They do not reference any concept related to variance, dispersion, or overall variability. Instead, they focus on specific outcomes (maximum loss, zero loss) and their probabilities. There is no indication that the individual computed or considered the variance or any similar measure. The information they used (extreme outcomes and partial probabilities) is different from the full distributional analysis required for variance. Their justification aligns more with a 'minimax loss' or 'probability of zero loss' heuristic than with variance maximization. Therefore, there is no evidence that the variance-based reason was used."",
  ""final_assessment_score"": 0
}"
15,"{
  ""step_1"": ""The decision reason is based on comparing the variances of the two lotteries and preferring the one with the larger variance. Variance can be computed from the outcomes and probabilities of each lottery. For Lottery A: outcome is 5 Euros with 100% probability, so variance = 0 (no variability). For Lottery B: outcomes are 5000 Euros with 0.1% probability and 0 Euros with 99.9% probability. The expected value is (0.001 * 5000) + (0.999 * 0) = 5 Euros. Variance = (5000 - 5)^2 * 0.001 + (0 - 5)^2 * 0.999 = (4995)^2 * 0.001 + 25 * 0.999 ≈ 24,950,025 * 0.001 + 24.975 ≈ 24,950.025 + 24.975 ≈ 24,975. So, variance of B is approximately 24,975, while variance of A is 0. Therefore, Lottery B has a much larger variance. The decision reason would prefer Lottery B."",
  ""step_2"": ""The individual considers the certainty of winning something in Lottery A (100% probability) and contrasts it with the extremely low probability of winning a high amount in Lottery B. The justification focuses on the high chance of getting nothing in B and the guaranteed small gain in A. The individual does not mention variance, dispersion, spread of outcomes, or any related statistical concept. Instead, the reasoning emphasizes certainty and the near-zero chance of a large win in B. The choice is justified based on security and reliability of outcome, not variability."",
  ""step_3"": ""The decision reason relies on variance as a measure of spread and prefers higher variance. The individual, however, focuses on the certainty of the outcome in A and the near-impossibility of winning in B—this reflects a preference for sure outcomes over risky ones, possibly risk-averse reasoning. There is no mention or indication of considering outcome variability or statistical dispersion. The information considered by the individual (probabilities of winning, certainty) partially overlaps with inputs needed for variance (probabilities and outcomes), but the processing is fundamentally different. The justification is based on likelihood and security, not spread. Therefore, the individual is not using variance as a decision criterion."",
  ""final_assessment_score"": 0
}"
16,"{
  ""step_1"": ""The decision reason is based on comparing the variances of the two lotteries and preferring the one with the larger variance. Variance can be computed from the outcomes and probabilities of each lottery. For Lottery A: outcomes are -5000 with probability 0.001 and 0 with probability 0.999. The expected value is (-5000)(0.001) + (0)(0.999) = -5. The variance is ( (-5000 - (-5))^2 )(0.001) + ( (0 - (-5))^2 )(0.999) = (4995^2)(0.001) + (5^2)(0.999) ≈ 24,950,025 * 0.001 + 25 * 0.999 ≈ 24,950.025 + 24.975 ≈ 24,975. For Lottery B: outcome is -5 with probability 1. The expected value is -5, and the variance is 0 because there is no uncertainty. Therefore, Lottery A has a much larger variance than Lottery B. The decision reason would prefer Lottery A."",
  ""step_2"": ""The individual considers the outcomes and probabilities of both lotteries. They note that Lottery B involves a small loss and is certain, while Lottery A involves a very small chance of an extremely large loss. The individual explicitly states that the risk of losing a large amount in A is too high, even though the probability is very low. Their justification focuses on risk aversion and the undesirable nature of extreme losses, despite low probability. They prefer B because it avoids high risk, indicating a preference for lower variance or lower downside risk, even at the cost of a sure small loss."",
  ""step_3"": ""The decision reason focuses on variance and prefers higher variance (Lottery A). The individual considers the high potential loss in A, which is related to variance, but their reasoning leads them to avoid high variance due to risk aversion. They do not mention variance explicitly or express a preference for higher variability. Instead, they justify choosing B based on avoiding extreme losses, which aligns with preferring lower variance. Thus, while the individual considers information related to variance (e.g., extreme loss in A), they act contrary to the decision reason’s rule (which prefers higher variance). The justification is inconsistent with the reason’s preference rule. Therefore, it is certain that the individual did not use this decision reason."",
  ""final_assessment_score"": 0
}"
17,"{
  ""step_1"": ""The decision reason is based on comparing the variances of the two lotteries and preferring the one with the larger variance. Variance can be computed from the outcomes and probabilities of each lottery. For Lottery A: the outcomes are 3000 and -3000, each with 50% probability. The expected value is (0.5)(3000) + (0.5)(-3000) = 0. The variance is (0.5)(3000 - 0)^2 + (0.5)(-3000 - 0)^2 = 0.5 * 9,000,000 + 0.5 * 9,000,000 = 9,000,000. For Lottery B: the outcome is 1500 with 100% probability. The expected value is 1500, and the variance is 0, since there is no uncertainty. Therefore, Lottery A has a much higher variance than Lottery B. The decision reason would prefer Lottery A. The reason is applicable to this decision problem."",
  ""step_2"": ""The verbal report is in German and translates to: 'B, because 100% probability of receiving a relatively high amount.' The individual focuses on the certainty (100% probability) of receiving a positive outcome in Lottery B and describes the amount (1500 Euros) as relatively high. The information considered by the individual includes the probability of winning in Lottery B (certainty) and a subjective evaluation of the amount as 'relatively high.' There is no mention of risk, variability, or comparison of outcome spreads. The justification is based on security and satisfaction with the guaranteed amount, not on any measure of dispersion or variance."",
  ""step_3"": ""The decision reason relies on variance as a key criterion and prefers higher variance (Lottery A). However, the individual in the verbal report chooses Lottery B and justifies this by emphasizing certainty and the perceived adequacy of the amount. This reflects a risk-averse mindset, which is the opposite of preferring higher variance. The individual does not consider outcome variability or dispersion; instead, they value guaranteed outcomes. Therefore, the information used by the individual (certainty and amount size) does not align with the variance-based information required by the decision reason. Moreover, the justification (preference for certainty) contradicts the rule of the decision reason (preference for higher variance). There is no indication that variance was part of the deliberation."",
  ""final_assessment_score"": 0
}"
18,"{
  ""step_1"": ""The decision reason is based on comparing the variances of the two lotteries and preferring the one with the larger variance. Variance can be computed from the outcomes and probabilities. For Lottery A: outcomes are +3000 (50%) and -3000 (50%). The expected value is (0.5 * 3000) + (0.5 * -3000) = 0. The variance is 0.5*(3000 - 0)^2 + 0.5*(-3000 - 0)^2 = 0.5*9,000,000 + 0.5*9,000,000 = 9,000,000. For Lottery B: outcome is +2000 with 100%. The expected value is 2000, and the variance is 0 (since there is no deviation from the expected value). Therefore, Lottery A has a much larger variance than Lottery B. The decision reason would prefer Lottery A. The reason is applicable to this decision problem."",
  ""step_2"": ""The individual considers Lottery B as the preferred option. The justification is that B offers a 'sichere Wahrscheinlichkeit, etwas zu gewinnen' (certain probability of winning something), which is contrasted with Lottery A, where there is a lower chance of winning (though the individual notes the winning amount is 'ähnlich hoch' — similarly high). The individual values the certainty of a positive outcome in B and appears to avoid the risk of losing in A. No mention is made of variance, spread of outcomes, or numerical dispersion. The focus is on the guaranteed gain and the psychological comfort of avoiding a possible loss, even if the potential gain in A is higher. The individual does not reference any calculation or consideration of outcome variability."",
  ""step_3"": ""The decision reason focuses on variance, preferring higher variance (Lottery A), but the individual chooses Lottery B and justifies this based on the certainty of winning and avoiding a loss. The information considered by the individual (certainty of gain, avoidance of loss) is fundamentally different from the information relevant to the decision reason (variance, outcome dispersion). The individual’s justification aligns with risk aversion or a preference for sure gains, not a preference for higher variance. There is no indication that the individual computed or considered variance, or any related concept such as spread or volatility. The reasoning is diametrically opposed to the decision reason, which would favor A due to its much higher variance. Therefore, it is certain that the individual did not use the variance-based decision reason."",
  ""final_assessment_score"": 0
}"
19,"{
  ""step_1"": ""The decision reason is based on comparing the variances of the two lotteries. Variance measures the spread of possible outcomes around the expected value. For Lottery A: the outcome is certain (1000 Euros with 100% probability), so its variance is 0. For Lottery B: there are two outcomes, +3000 and -3000, each with 50% probability. The expected value is (0.5 * 3000) + (0.5 * -3000) = 0. The variance is calculated as 0.5*(3000 - 0)^2 + 0.5*(-3000 - 0)^2 = 0.5*9,000,000 + 0.5*9,000,000 = 9,000,000. Thus, Lottery B has a much higher variance than Lottery A. The decision reason, which prefers the lottery with the larger variance, would choose Lottery B."",
  ""step_2"": ""The individual's verbal report states: 'A, da sicherer Gewinn und keine Chance des Verlusts' (A, because a sure gain and no chance of loss). This indicates that the individual focused on the certainty of winning with Lottery A and the absence of any risk of loss. The justification centers on risk avoidance and the preference for a guaranteed outcome over a risky one. The individual appears to value security and the elimination of downside risk, which led them to prefer Lottery A. There is no mention of variance, spread of outcomes, or statistical measures; instead, the reasoning is qualitative and risk-averse in nature."",
  ""step_3"": ""The decision reason relies on comparing variances and favoring higher variance, which would lead to choosing Lottery B. However, the individual explicitly prefers Lottery A due to its certainty and lack of loss, which is contrary to the logic of favoring higher variance. The information considered by the individual (certainty, no loss) is opposite to what the decision reason emphasizes (dispersion of outcomes). Furthermore, the individual’s justification is risk-averse, while the decision reason is risk-seeking in this context. Therefore, the individual’s reasoning is not only different from the decision reason but directly opposed to it."",
  ""final_assessment_score"": 0
}"
20,"{
  ""step_1"": ""The decision reason is based on comparing the variances of the two lotteries and preferring the one with the larger variance. For Lottery A, the outcome is 0 Euros with 100% probability, so its variance is 0. For Lottery B, the outcomes are 6000 and -6000, each with 50% probability. The expected value of B is (0.5 * 6000) + (0.5 * -6000) = 0. The variance is calculated as 0.5*(6000 - 0)^2 + 0.5*(-6000 - 0)^2 = 0.5*36,000,000 + 0.5*36,000,000 = 36,000,000. Thus, Lottery B has a much larger variance than A. The reason would prefer B over A. The decision reason can be applied to this decision problem, and it clearly favors Lottery B."",
  ""step_2"": ""The verbal report is in German: 'A, da mir Chance eines hohen Verlusts bei B zu hoch ist.' This translates to: 'A, because the chance of a large loss in B is too high for me.' The individual considered the risk of a significant financial loss in Lottery B and found it unacceptably high. The justification centers on loss aversion or risk avoidance, particularly focusing on the downside risk of losing 6000 Euros with 50% probability. The individual preferred the certainty of Lottery A (0 Euros for sure) over the risky Lottery B. The deliberation focuses on the potential negative outcome and its likelihood, not on statistical variance or overall spread of outcomes."",
  ""step_3"": ""The decision reason evaluates lotteries based on variance, favoring higher variance regardless of whether the spread includes high gains or high losses. In contrast, the individual explicitly rejects Lottery B due to the 'high chance of a large loss,' indicating a concern with downside risk, not dispersion per se. The individual’s focus is on avoiding loss, not on preferring greater variability. Therefore, the individual's reasoning is inconsistent with the decision reason, which would favor B due to its higher variance. There is no indication that the person considered or valued the variance of the lotteries; instead, they emphasized security and loss avoidance. Thus, the decision reason was not used."",
  ""final_assessment_score"": 0
}"
