problemID,response
1,"trotzdem nicht wert

Please follow the step-by-step instructions provided and give your FINAL ASSESSMENT in the requested format.assistant

STEPS: 
To assess whether the decision reason was used by the individual, we will follow the provided steps.

Step 1: Assess if the decision reason can be applied to the decision problem.
The decision reason considers the probabilities of each lottery and prefers the lottery with a higher probability of obtaining a favorable outcome. In this case, Lottery A offers a 33% chance of winning 2500 Euros, a 66% chance of winning 2400 Euros, and a 1% chance of winning 0 Euros. Lottery B offers a 100% chance of winning 2400 Euros. The relevant information for the decision reason includes the probabilities of winning favorable outcomes (2500 Euros or 2400 Euros) in both lotteries. For Lottery A, the probability of winning at least 2400 Euros is 99% (33% + 66%), and for Lottery B, it is 100%. Thus, the decision reason can be applied to this decision problem.

Step 2: Assess the verbal report.
First, evaluate and summarize the information considered by the individual. The verbal report mentions ""das sehr geringe Verlustrisiko"" which translates to ""the very low loss risk."" This indicates the individual considered the risk of loss (or not winning) in their decision-making process.
Second, evaluate and summarize the individual’s justification for the choice. The report states ""ist dem Gewinn trotzdem nicht wert,"" which translates to ""is not worth the gain despite that."" This suggests the individual weighed the potential gain against the risk or aspects of the lotteries and made a value judgment.

Step 3: Assess whether the decision reason was used by the individual.
First, compare the information relevant to the decision reason with that considered by the individual. The decision reason focuses on the probabilities of favorable outcomes, while the individual seems to have considered the risk of loss and the value of the potential gain. There's an indirect connection since considering loss risk could imply looking at probabilities, but it's not a direct match.
Second, compare the decision reason’s rule to the individual’s justification for the choice. The decision reason prefers the lottery with a higher probability of a favorable outcome. The individual's justification doesn't explicitly mention preferring one lottery over the other based on the probability of winning but does imply a consideration of risk and value, which could be related to the probabilities but is not a clear application of the decision reason's rule.

FINAL ASSESSMENT: 20
The verbal report does not clearly indicate that the individual used the decision reason that prefers the lottery with a higher probability of obtaining a favorable outcome. While the individual considered aspects related to risk, the focus on ""very low loss risk"" and the value judgment ""is not worth the gain"" does not directly align with the decision reason's emphasis on probabilities of favorable outcomes. Therefore, the assessment is closer to certainty that the decision reason was not used, but there's a slight possibility of indirect consideration, hence a score of 20 rather than 0."
2,"nur 100 uro mehr Gewinn

Please follow the step-by-step instructions provided and give your FINAL ASSESSMENT in the requested format.assistant

STEPS: 
Step 1: The decision reason can be applied to the decision problem because it considers the probabilities of each lottery. The relevant information that can be derived from the lotteries' outcomes and probabilities is the probability of obtaining a favorable outcome for each lottery. For Lottery A, the probability of obtaining a favorable outcome (2400 Euros) is 34%, and for Lottery B, the probability of obtaining a favorable outcome (2500 Euros) is 33%. 

Step 2: Evaluating the verbal report, the information considered by the individual seems to be the difference in probabilities and the difference in potential winnings (""höhere Wahrscheinlichkeit"" translates to ""higher probability"" and ""nur 100 Euro mehr Gewinn"" translates to ""only 100 Euros more gain""). The individual's justification for the choice appears to prioritize the higher probability over the potential for a slightly higher gain, as indicated by ""ist besser"" which translates to ""is better"".

Step 3: Comparing the information relevant to the decision reason (the probabilities of obtaining a favorable outcome for each lottery) with that considered by the individual (the difference in probabilities and the difference in winnings), it seems the individual did consider the probabilities, which aligns with the decision reason. The decision reason's rule is to prefer the lottery with a higher probability of obtaining a favorable outcome. The individual's justification prioritizes the higher probability, suggesting alignment with this rule, even though the individual is choosing between a slightly lower potential gain for a slightly higher probability.

FINAL ASSESSMENT: 100"
3,"vorher auszugleichen und 100 Prozent Gewinn

Please follow the step-by-step instructions provided and give your FINAL ASSESSMENT in the requested format.assistant

STEPS: 
To assess whether the individual used the decision reason to make the decision, I will follow the steps outlined.

Step 1: Assess if the decision reason can be applied to the decision problem.
The decision reason considers the probabilities of each lottery and prefers the lottery with a higher probability of obtaining a favorable outcome. For Lottery A, the probability of obtaining 3000 Euros is 100%. For Lottery B, the probability of obtaining 4000 Euros is 80%. The information relevant to the decision reason can be derived from the lotteries' outcomes and probabilities, which are the probabilities of winning in each lottery (100% for Lottery A and 80% for Lottery B).

Step 2: Assess the verbal report.
First, evaluate and summarize the information considered by the individual: The individual considered the aspect of ""kein Risiko"" which translates to ""no risk"" and the fact that there is a ""100 Prozent Gewinn"" which translates to ""100 percent win"". This indicates the individual focused on the certainty of the outcome in one of the lotteries.
Second, evaluate and summarize the individual’s justification for the choice: The justification seems to be based on avoiding risk and ensuring a 100% chance of winning, which aligns with considering the probability of obtaining a favorable outcome without any risk of loss.

Step 3: Assess whether the decision reason was used by the individual.
First, compare the information relevant to the decision reason with that considered by the individual: The decision reason is concerned with the probabilities of obtaining a favorable outcome, and the individual considered the certainty (100% probability) of winning in one of the lotteries, which aligns with the decision reason's focus.
Second, compare the decision reason’s rule to the individual’s justification for the choice: The decision reason prefers the lottery with a higher probability of obtaining a favorable outcome, and the individual chose based on having a ""100 Prozent Gewinn"" (100 percent win), indicating a preference for the lottery with the higher probability of a favorable outcome (Lottery A, with 100% probability of winning).

FINAL ASSESSMENT: 100 
The individual's focus on avoiding risk and ensuring a 100% chance of winning directly aligns with the decision reason's preference for the lottery with the higher probability of obtaining a favorable outcome. The verbal report clearly indicates that the individual's decision was influenced by the consideration of probabilities, specifically the certainty of winning, which matches the decision reason's criteria."
4,"0 ist das höhere Risiko wert

Please follow the step-by-step instructions provided and give your FINAL ASSESSMENT in the requested format.assistant

STEPS: 
To assess whether the individual used the given decision reason, we'll follow the steps outlined.

Step 1: Assess if the decision reason can be applied to the decision problem.
The decision reason considers the probabilities of each lottery and prefers the one with the higher probability of obtaining a favorable outcome. For Lottery A, the probability of a favorable outcome (4000 Euros) is 20%, and for Lottery B, it's 25%. The information relevant to this decision reason is the probability of winning in each lottery, which can be derived from the given outcomes and probabilities. Thus, the relevant information is:
- Lottery A: 20% chance of winning
- Lottery B: 25% chance of winning

Step 2: Assess the verbal report.
First, evaluate and summarize the information considered by the individual. The verbal report mentions ""Geldsumme von 1000 ist das höhere Risiko wert,"" which translates to ""The sum of money of 1000 is worth the higher risk."" This suggests the individual considered the amount of money and the risk involved but does not directly mention comparing the probabilities of the two lotteries.
Second, evaluate and summarize the individual’s justification for the choice. The justification seems to focus on the value of the risk rather than directly comparing the probabilities of the lotteries.

Step 3: Assess whether the decision reason was used by the individual.
First, compare the information relevant to the decision reason with that considered by the individual. The decision reason focuses on the probabilities of winning, while the individual's consideration seems to be more about the risk and the amount of money, without explicit mention of comparing probabilities.
Second, compare the decision reason’s rule to the individual’s justification for the choice. The decision reason prefers the lottery with the higher probability of a favorable outcome, but the individual's justification does not explicitly state a preference based on probability comparison.

Given these comparisons, it appears the individual's decision-making process, as described, does not directly align with the decision reason that prioritizes the comparison of probabilities to make a choice. The verbal report does not clearly indicate that the decision was based on comparing the probabilities of the favorable outcomes of the two lotteries.

FINAL ASSESSMENT: 20 
This assessment indicates that it is unlikely the decision reason was used by the individual, as the verbal report does not provide clear evidence that the decision was based on comparing the probabilities of the two lotteries."
5,"the step-by-step instructions provided and give your FINAL ASSESSMENT in the requested format.assistant

STEPS: 
Step 1: The decision reason can be applied to the decision problem because it considers the probabilities of each lottery. The relevant information for this reason is the probability of obtaining a favorable outcome in each lottery. For Lottery A, the probability of winning 3000 Euros is 90%, and for Lottery B, the probability of winning 6000 Euros is 45%. The difference in probabilities is 45% (90% - 45% = 45%). This information is crucial for applying the decision reason.

Step 2: Evaluating the verbal report, the individual considers the high probability of winning (nearly 90%) as an important factor. The individual states that the ""sicherer Gewinn"" (safe win) at almost 90% probability is more important than the sum or difference (in outcomes). This indicates the individual focuses on the probability of obtaining a favorable outcome.

Step 3: Comparing the information relevant to the decision reason (the probabilities of favorable outcomes and their differences) with that considered by the individual (the importance of a high probability of winning), it appears the individual's deliberation aligns with the information required by the decision reason. Additionally, the decision reason's rule (preferring the lottery with a higher probability of obtaining a favorable outcome) matches the individual's justification for their choice, as they prioritize the higher probability of a win. This suggests the individual used the decision reason to make their decision.

FINAL ASSESSMENT: 100"
6,"your FINAL ASSESSMENT in the requested format.assistant

STEPS: 
To assess whether the decision reason was used by the individual, we'll follow the step-by-step process.

Step 1: Assess if the decision reason can be applied to the decision problem.
The decision reason considers the probabilities of each lottery and prefers the one with a higher probability of obtaining a favorable outcome. The relevant information from the lotteries is as follows:
- Lottery A offers 3000 Euros with a 0.2% probability.
- Lottery B offers 6000 Euros with a 0.1% probability.
The decision reason can be applied since we can derive and compare the probabilities of the favorable outcomes of both lotteries.

Step 2: Assess the verbal report.
First, evaluate and summarize the information considered by the individual:
The individual mentions ""volles Risiko"" (full risk) and ""halbierten Chancen auf einen höheren Gewinn"" (halved chances for a higher gain), indicating they considered the risk and the potential gain, including the comparison of probabilities (""halbierten Chancen"" implies a consideration of the relative probabilities).

Second, evaluate and summarize the individual’s justification for the choice:
The individual seems to justify their choice by mentioning the risk and the halved chances for a higher gain, suggesting that they weighed the potential outcomes and their probabilities in making their decision.

Step 3: Assess whether the decision reason was used by the individual.
First, compare the information relevant to the decision reason with that considered by the individual:
The decision reason focuses on the probabilities of favorable outcomes. The individual considered the risk and the comparison of probabilities (""halbierten Chancen""), which aligns with the decision reason's focus.

Second, compare the decision reason’s rule to the individual’s justification for the choice:
The decision reason prefers the lottery with a higher probability of a favorable outcome. The individual's mention of ""halbierten Chancen"" suggests an awareness of the probability difference but does not explicitly state a preference for the higher probability. Instead, they seem to consider the trade-off between risk and potential gain, which might not strictly follow the decision reason's rule of preferring the higher probability without considering the magnitude of the outcomes.

FINAL ASSESSMENT: 20
The individual's consideration of probabilities and their comparison (""halbierten Chancen"") shows some alignment with the decision reason. However, the decision reason's strict preference for the higher probability of a favorable outcome, regardless of the outcome's magnitude, is not clearly reflected in the verbal report. The individual's justification seems to weigh both the risk and the potential gain, not solely the probability of the favorable outcome. This suggests that while the decision reason might have played a role, it was not the sole or primary basis for the individual's decision."
7,"ich, aber nur -1000 mehr bei falscher Entscheidung

Please follow the step-by-step instructions provided and give your FINAL ASSESSMENT in the requested format.assistant

STEPS: 
To assess whether the individual used the decision reason to make the decision, we follow the steps as outlined.

Step 1: Assess if the decision reason can be applied to the decision problem.
The decision reason considers the probabilities of each lottery and prefers the lottery with a higher probability of obtaining a favorable outcome. In this case, Lottery A has a 0% chance of a favorable outcome (since it always results in a loss of -3000 Euros) and a 100% chance of the specified loss, while Lottery B has an 80% chance of a significant loss (-4000 Euros) and a 20% chance of no loss (0 Euros), which could be considered the favorable outcome in this context. The information relevant to the decision reason includes the probabilities of obtaining a favorable outcome in each lottery. For Lottery A, the probability of a favorable outcome (no loss) is 0%, and for Lottery B, the probability of a favorable outcome (0 Euros) is 20%. 

Step 2: Assess the verbal report.
First, evaluate and summarize the information considered by the individual: The individual mentions ""risikoreich"" which translates to ""risk-rich"" or ""high risk,"" indicating an awareness of the risk involved in the decision. They also mention ""nur -1000 mehr bei falscher Entscheidung,"" which translates to ""only -1000 more in case of wrong decision,"" suggesting they are considering the difference in potential losses between the two options.

Second, evaluate and summarize the individual’s justification for the choice: The individual seems to be weighing the potential risks and the difference in losses, indicating a consideration of the potential outcomes but does not explicitly mention the probabilities of favorable outcomes.

Step 3: Assess whether the decision reason was used by the individual.
First, compare the information relevant to the decision reason with that considered by the individual: The decision reason focuses on the probabilities of favorable outcomes, but the individual's verbal report does not explicitly mention comparing the probabilities of favorable outcomes between the two lotteries. Instead, they seem to focus on the risk and the difference in potential losses.

Second, compare the decision reason’s rule to the individual’s justification for the choice: The decision reason prefers the lottery with a higher probability of a favorable outcome. The individual's justification, however, seems to be based on the difference in potential losses rather than the probability of avoiding loss.

Based on these comparisons, it seems the individual did not explicitly follow the decision reason that prioritizes the lottery with the higher probability of a favorable outcome. The individual's focus was more on the risk and the differential loss rather than the probabilities of favorable outcomes.

FINAL ASSESSMENT: 0"
8,"entiellen Geldverlust

Please follow the step-by-step instructions provided and give your FINAL ASSESSMENT in the requested format.assistant

STEPS: 
To assess whether the decision reason was used by the individual, we will follow the steps outlined.

Step 1: Assess if the decision reason can be applied to the decision problem.
The decision reason considers the probabilities of each lottery and prefers the lottery with a higher probability of obtaining a favorable outcome. In this case, both lotteries have a probability of obtaining 0 Euros, which can be considered a favorable outcome since it is not a loss. Lottery A has a 75% probability of 0 Euros, and Lottery B has an 80% probability of 0 Euros. The relevant information for the decision reason is the probability of obtaining a favorable outcome (0 Euros) for each lottery. 

Step 2: Assess the verbal report.
First, evaluate and summarize the information considered by the individual. The individual mentions ""geringeres prozentuales Risiko"" which translates to ""lower percentage risk"". This implies the individual considered the probabilities or risks associated with each lottery. 
Second, evaluate and summarize the individual’s justification for the choice. The phrase ""überwiegt dem potentiellen Geldverlust"" translates to ""outweighs the potential financial loss"". This suggests the individual weighed the risk against the potential loss, focusing on the idea that a lower risk (or higher probability of not losing) is preferable.

Step 3: Assess whether the decision reason was used by the individual.
First, compare the information relevant to the decision reason with that considered by the individual. The decision reason focuses on the probability of favorable outcomes, and the individual considered the ""lower percentage risk"", which aligns with focusing on probabilities. 
Second, compare the decision reason’s rule to the individual’s justification for the choice. The decision reason prefers the lottery with a higher probability of a favorable outcome, and the individual seems to prefer the option with the ""lower percentage risk"", which can be interpreted as preferring the higher probability of not losing (0 Euros). Given that both lotteries' favorable outcomes are the same (0 Euros), the individual's justification aligns with the decision reason's rule if we consider ""lower percentage risk"" as indicative of a higher probability of avoiding loss.

FINAL ASSESSMENT: 80
This assessment indicates a high likelihood that the decision reason was used by the individual, as the verbal report shows consideration of probabilities and a preference that aligns with the decision reason's rule, but it does not perfectly match the reason's explicit focus on ""favorable outcomes"" since the report discusses risk and loss. However, given the context, it's reasonable to interpret the individual's decision process as closely aligned with the decision reason."
9,", aber gute prozentuale Verteilung

Please follow the step-by-step instructions provided and give your FINAL ASSESSMENT in the requested format.assistant

STEPS: 
To assess whether the individual used the given decision reason, we'll follow the step-by-step process outlined.

Step 1: Assess if the decision reason can be applied to the decision problem.
The decision reason focuses on the probabilities of obtaining a favorable outcome in each lottery. For Lottery A, the probability of a favorable outcome (not losing money, hence 0 Euros is considered favorable in this context) is 55%, and for Lottery B, it's 90%. The reason prefers the lottery with the higher probability of a favorable outcome. Thus, the relevant information for this reason is the probabilities of the favorable outcomes in both lotteries, which are 55% for Lottery A and 90% for Lottery B.

Step 2: Assess the verbal report.
First, evaluate and summarize the information considered by the individual: The individual mentions ""Riskoreich, aber gute prozentuale Verteilung,"" which translates to ""Risk-rich, but good percentage distribution."" This suggests the individual considered both the risk aspect and the probability distribution of the outcomes.
Second, evaluate and summarize the individual’s justification for the choice: The statement implies that despite acknowledging a ""risk-rich"" situation, the individual found the percentage distribution (or probabilities) to be favorable, which seems to justify their choice based on the probability aspect.

Step 3: Assess whether the decision reason was used by the individual.
First, compare the information relevant to the decision reason with that considered by the individual: The decision reason focuses on the probabilities, and the individual also considered the ""prozentuale Verteilung"" (percentage distribution), which aligns with the focus on probabilities.
Second, compare the decision reason’s rule to the individual’s justification for the choice: The decision reason prefers the lottery with the higher probability of a favorable outcome. The individual's justification hints at being swayed by a ""gute prozentuale Verteilung,"" which could imply they preferred the lottery based on its probability, aligning with the decision reason’s rule.

FINAL ASSESSMENT: 80
This assessment is based on the alignment between the decision reason's focus on probabilities and the individual's consideration of the percentage distribution, as well as the individual's justification that seems to prioritize the favorable probability distribution. However, the assessment is not 100 because the verbal report is brief and does not explicitly state that the individual chose based on the comparison of probabilities between the two lotteries."
10,"the step-by-step instructions provided and give your FINAL ASSESSMENT in the requested format.assistant

STEPS: 
To assess whether the decision reason was used by the individual, we will follow the step-by-step process outlined.

Step 1: Assess if the decision reason can be applied to the decision problem.
The decision reason considers the probabilities of each lottery and prefers the lottery with the higher probability of obtaining a favorable outcome. In this case, Lottery A has a 0.2% probability of obtaining a favorable outcome (-3000 Euros), while Lottery B has a 0.1% probability of obtaining a favorable outcome (-6000 Euros). The information relevant to the decision reason can be derived from the lotteries' outcomes and probabilities, which are the probabilities of the favorable outcomes for each lottery (0.2% for A and 0.1% for B).

Step 2: Assess the verbal report.
First, evaluate and summarize the information considered by the individual. The individual mentions ""0,1 Prozent weniger Risko"" which translates to ""0.1 percent less risk"", implying they considered the probabilities or risks associated with the lotteries.
Second, evaluate and summarize the individual’s justification for the choice. The phrase ""nicht wert"" translates to ""not worth it"", suggesting the individual weighed the potential outcomes against the probabilities and made a judgment based on this comparison. However, the exact nature of this comparison (whether it's about the risk, the potential gain/loss, or both) isn't explicitly stated in terms of preferring one lottery over the other based on probability alone.

Step 3: Assess whether the decision reason was used by the individual.
First, compare the information relevant to the decision reason with that considered by the individual. The decision reason focuses on the probabilities of favorable outcomes, which seems to align with the individual's consideration of ""Risko"" (risk), though the term ""risk"" might imply a focus on the negative outcomes rather than the probabilities of any favorable outcomes.
Second, compare the decision reason’s rule to the individual’s justification for the choice. The decision reason prefers the lottery with the higher probability of a favorable outcome. The individual's statement could imply a preference based on risk, but it does not explicitly state a preference for the lottery with the higher probability of a favorable outcome. The statement seems more focused on the idea that the difference in risk (or probability) does not justify the choice of one lottery over the other, rather than explicitly preferring the lottery with the higher probability.

FINAL ASSESSMENT: 20
This assessment is based on the observation that while the individual considers probabilities or risks, the verbal report does not clearly indicate that the decision was made based on preferring the lottery with the higher probability of obtaining a favorable outcome, as the decision reason dictates. The individual's justification seems to weigh the risk against the outcome but does not explicitly follow the rule of the decision reason. Therefore, it's uncertain but leaning towards not using the decision reason as described."
11,"outcome.

Verbal report:
sicherer Gewinn ist besser als das Verlustrisiko

Please follow the step-by-step instructions provided and give your FINAL ASSESSMENT in the requested format.assistant

STEPS: 
Step 1: The decision reason can be applied to the decision problem. The relevant information for the decision reason includes the probabilities of obtaining a favorable outcome in each lottery. For Lottery A, there is a 50% probability of obtaining 1000 Euros. For Lottery B, there is a 100% probability of obtaining 500 Euros. This information is directly derivable from the lotteries' outcomes and probabilities. The decision reason prefers the lottery with the higher probability of obtaining a favorable outcome, which in this case would be Lottery B due to its 100% probability of a positive outcome.

Step 2: The verbal report states, ""sicherer Gewinn ist besser als das Verlustrisiko,"" which translates to ""a certain gain is better than the risk of loss."" This implies the individual considered the certainty of gain (or lack thereof) in their deliberation process. The individual's justification for their choice seems to prioritize avoiding the risk of loss (or preferring a certain gain), which aligns with preferring an option that guarantees a positive outcome over one that carries a risk of no gain.

Step 3: Comparing the information relevant to the decision reason (the probabilities of obtaining a favorable outcome) with that considered by the individual (the certainty of gain and the risk of loss), there is a clear alignment. The decision reason's rule (preferring the lottery with the higher probability of a favorable outcome) matches the individual's justification (preferring a certain gain over the risk of loss), as both essentially lead to the preference for Lottery B due to its guaranteed outcome. This suggests that the individual's thought process was consistent with the decision reason provided.

FINAL ASSESSMENT: 100"
12,"report:
geringeres Risiko, auch bei 100 prozentigen Abzug

Please follow the step-by-step instructions provided and give your FINAL ASSESSMENT in the requested format.assistant

STEPS: 
To assess whether the decision reason was used by the individual, we will follow the step-by-step instructions.

Step 1: Assess if the decision reason can be applied to the decision problem.
The decision reason considers the probabilities of each lottery and prefers the lottery with a higher probability of obtaining a favorable outcome. For Lottery A, there's a 50% chance of getting -1000 Euros and a 50% chance of getting 0 Euros. For Lottery B, there's a 100% chance of getting -500 Euros. The information relevant to the decision reason includes the probabilities of getting a favorable outcome (0 Euros for Lottery A and no favorable outcome for Lottery B since both outcomes are negative). Since Lottery A has a 50% chance of a less negative outcome (0 Euros) and Lottery B has no chance of a less negative outcome than -500 Euros, the decision reason can be applied.

Step 2: Assess the verbal report.
First, evaluate and summarize information considered by the individual: The individual mentions ""geringeres Risiko"" which translates to ""lower risk"". This suggests the individual considered the risk associated with each lottery. 
Second, evaluate and summarize the individual’s justification for the choice: The phrase ""auch bei 100 prozentigen Abzug"" translates to ""also with 100 percent deduction"", which indicates the individual considered the certainty of the loss in one of the lotteries.

Step 3: Assess whether the decision reason was used by the individual.
First, compare the information relevant to the decision reason with that considered by the individual: The decision reason focuses on the probabilities of favorable outcomes, while the individual seems to focus on risk and certainty of loss. However, the concept of risk can be related to the probabilities of outcomes.
Second, compare the decision reason’s rule to the individual’s justification for the choice: The decision reason prefers the lottery with a higher probability of a favorable outcome, but the individual's justification seems to prioritize lower risk or certainty of outcomes, which does not directly align with preferring a higher probability of a favorable outcome.

FINAL ASSESSMENT: 20
The individual's focus on ""lower risk"" and consideration of the certainty of loss in one of the lotteries does not directly align with the decision reason's emphasis on the probability of favorable outcomes. While there's a connection between risk assessment and probability, the verbal report does not clearly indicate that the decision reason was the basis for the choice. Therefore, the assessment is closer to certainty that the decision reason was not used, but there is a slight possibility of a connection due to the mention of risk considerations."
13,"ere Variante

Please follow the step-by-step instructions provided and give your FINAL ASSESSMENT in the requested format.assistant

STEPS: 
To assess whether the individual used the given decision reason, we will follow the steps outlined.

Step 1: Assess if the decision reason can be applied to the decision problem.
The decision reason considers the probabilities of each lottery and prefers the lottery with a higher probability of obtaining a favorable outcome. For Lottery A, there's a 25% chance of getting 6000 Euros and a 75% chance of getting 0 Euros. For Lottery B, there's a 25% chance of getting 4000 Euros, a 25% chance of getting 2000 Euros, and a 50% chance of getting 0 Euros. The information relevant to the decision reason includes the probabilities of getting any amount greater than 0 Euros in both lotteries. For Lottery A, the probability of a favorable outcome (getting more than 0 Euros) is 25%. For Lottery B, the combined probability of getting more than 0 Euros is 50% (25% for 4000 Euros + 25% for 2000 Euros).

Step 2: Assess the verbal report.
First, evaluate and summarize the information considered by the individual. The verbal report mentions ""gleiches Risiko für 0"" which translates to ""same risk for 0"" and ""sichere Variante"" which translates to ""safe variant"". This suggests the individual considered the risk of getting 0 Euros in both lotteries and looked for a safer option.
Second, evaluate and summarize the individual’s justification for the choice. The individual seems to focus on the aspect of risk and safety, implying they looked for the lottery that offered a more secure or less risky outcome.

Step 3: Assess whether the decision reason was used by the individual.
First, compare the information relevant to the decision reason with that considered by the individual. The decision reason focuses on the probabilities of favorable outcomes, while the individual considered the risk of getting 0 Euros and looked for a safer option. This aligns with considering probabilities but focuses on the safety aspect rather than directly comparing probabilities of favorable outcomes.
Second, compare the decision reason’s rule to the individual’s justification for the choice. The decision reason prefers the lottery with a higher probability of a favorable outcome. The individual's justification, focusing on safety and risk, indirectly suggests they might prefer the lottery with a higher combined probability of getting any positive outcome, which aligns with Lottery B having a 50% chance of getting more than 0 Euros compared to Lottery A's 25%.

Given these comparisons, the individual's focus on safety and risk seems to indirectly align with the decision reason's emphasis on probabilities of favorable outcomes, but the direct application of the reason as stated (comparing probabilities of favorable outcomes explicitly) is not clearly evident from the verbal report.

FINAL ASSESSMENT: 60"
14,"Please follow the step-by-step instructions provided and give your FINAL ASSESSMENT in the requested format.assistant

STEPS: 
To assess whether the decision reason was used by the individual, we follow the steps outlined:

Step 1: Assess if the decision reason can be applied to the decision problem.
The decision reason considers the probabilities of each lottery and prefers the lottery with a higher probability of obtaining a favorable outcome. In this case, we need to derive the information relevant to the decision reason from the lotteries' outcomes and probabilities. Lottery A offers -6000 Euros with 25% probability and 0 Euros with 75% probability. Lottery B offers -4000 Euros with 25% probability, -2000 Euros with 25% probability, and 0 Euros with 50% probability. The decision reason focuses on the probability of obtaining a favorable outcome, but since all outcomes are negative or zero, we interpret ""favorable"" as the least negative or zero outcome. For Lottery A, the favorable outcome (0 Euros) has a 75% probability. For Lottery B, the most favorable outcome (0 Euros) also has a 50% probability. The information relevant to the decision reason is the probability of obtaining 0 Euros in each lottery, which is 75% for Lottery A and 50% for Lottery B.

Step 2: Assess the verbal report.
First, evaluate and summarize the information considered by the individual: The individual mentions ""weniger Risiko durch höhere Wahrscheinlichkeit bei 0"", which translates to ""less risk through higher probability of 0"". This indicates the individual considered the probability of the 0 Euro outcome as a factor in their decision, implying they looked at the risk associated with each lottery in terms of avoiding loss (receiving 0 Euros).

Second, evaluate and summarize the individual’s justification for the choice: The individual's justification is based on the concept of ""less risk"" associated with a ""higher probability of 0"", which suggests they preferred the option that offered a higher chance of not losing any money (receiving 0 Euros).

Step 3: Assess whether the decision reason was used by the individual.
First, compare the information relevant to the decision reason with that considered by the individual: The decision reason focuses on the probability of obtaining a favorable outcome (in this context, 0 Euros), and the individual also considered the probability of getting 0 Euros as a way to minimize risk. This shows a match in the type of information considered.

Second, compare the decision reason’s rule to the individual’s justification for the choice: The decision reason prefers the lottery with a higher probability of a favorable outcome, and the individual's justification is to choose the option with ""less risk"" due to a ""higher probability of 0"", which aligns with preferring the lottery that has a higher probability of the favorable (0 Euro) outcome.

Based on these comparisons, it appears the individual's decision-making process aligns with the decision reason, as both focus on the probability of the most favorable outcome (0 Euros) and prefer the option with the higher probability of this outcome.

FINAL ASSESSMENT: 100"
15,"higher probability of obtaining a favorable outcome.

Verbal report:
bei dem Unterschied kann man Risiko nehmen

Please follow the step-by-step instructions provided and give your FINAL ASSESSMENT in the requested format.assistant

STEPS: 
To assess whether the decision reason was used by the individual, we will follow the provided steps.

Step 1: Assess if the decision reason can be applied to the decision problem.
The decision reason considers the probabilities of each lottery and prefers the lottery with a higher probability of obtaining a favorable outcome. For Lottery A, the probability of obtaining a favorable outcome (5000 Euros) is 0.1%, and for Lottery B, the probability of obtaining a favorable outcome (5 Euros) is 100%. The information relevant to the decision reason can be derived from the lotteries' outcomes and probabilities, which are the probabilities of the favorable outcomes of each lottery.

Step 2: Assess the verbal report.
First, evaluate and summarize information considered by the individual: The individual mentions ""dem Unterschied"" which translates to ""the difference"", implying they considered the difference between the two lotteries, likely in terms of their probabilities or outcomes.
Second, evaluate and summarize the individual’s justification for the choice: The phrase ""kann man Risiko nehmen"" translates to ""one can take a risk"", suggesting the individual is open to taking a risk, possibly implying they are considering the low-probability high-reward option (Lottery A) as a risk worth taking.

Step 3: Assess whether the decision reason was used by the individual.
First, compare the information relevant to the decision reason with that considered by the individual: The decision reason focuses on the probabilities, and the individual seems to consider the difference between the lotteries, which could imply they are looking at the probabilities or the risk involved.
Second, compare the decision reason’s rule to the individual’s justification for the choice: The decision reason prefers the lottery with a higher probability of a favorable outcome, which would be Lottery B. However, the individual's justification suggests they are willing to take a risk, which aligns more with choosing Lottery A despite its lower probability of a favorable outcome.

Given these comparisons, the individual's focus on taking a risk and considering the difference between the lotteries does not directly align with the decision reason's rule of preferring the lottery with the higher probability of obtaining a favorable outcome. The verbal report suggests the individual might be prioritizing the potential for a significant gain over the probability of that gain, which does not directly support the use of the given decision reason.

FINAL ASSESSMENT: 20 
This assessment indicates that it is unlikely the decision reason was used by the individual, as their justification for the choice does not directly align with the decision reason's emphasis on preferring the lottery with the higher probability of a favorable outcome."
16,"lichkeit für keinen Verlust war sehr übverzeugend

Please follow the step-by-step instructions provided and give your FINAL ASSESSMENT in the requested format.assistant

STEPS: 
Step 1: The decision reason can be applied to the decision problem because the information relevant to the decision reason, namely the probabilities of each lottery, can be derived from the lotteries' outcomes and probabilities. The relevant information is: 
- Lottery A has a 0.1% probability of a negative outcome (-5000 Euros) and a 99.9% probability of a neutral outcome (0 Euros).
- Lottery B has a 0% probability of a positive outcome and a 100% probability of a negative outcome (-5 Euros), but in the context of the decision reason, it's about the probability of obtaining a favorable outcome (which in this context could be interpreted as not losing or losing less). Since Lottery B guarantees a loss, albeit small, the probability of a favorable outcome (not losing) is 0%.

Proceeding to Step 2.

Step 2: Assessing the verbal report, the information considered by the individual seems to focus on the high probability (99%) of not incurring a loss in one of the options. The justification for the choice, as described, emphasizes the convincing nature of having a 99% chance of not experiencing a loss. This suggests the individual was considering the probabilities of outcomes, specifically the aspect of avoiding loss.

Proceeding to Step 3.

Step 3: Comparing the information relevant to the decision reason with that considered by the individual, it appears there is a match in terms of focusing on probabilities, especially concerning avoiding negative outcomes. The decision reason prefers the lottery with a higher probability of obtaining a favorable outcome (or, in this context, avoiding a loss), and the individual seems to have been swayed by the high probability of not incurring a loss. The individual’s justification for the choice aligns with the rule of the decision reason, which prioritizes higher probabilities of favorable outcomes (or, in this scenario, lower probabilities of significant loss).

FINAL ASSESSMENT: 80 
This assessment reflects a high likelihood that the decision reason was used by the individual, given the focus on probabilities and the emphasis on avoiding loss, which aligns with the decision reason's criteria. However, it's not a perfect match since the decision reason's general formulation about ""favorable outcomes"" needs interpretation in the context of losses, and the verbal report directly mentions the convincing aspect of a high probability of ""keinen Verlust"" (no loss), which slightly adapts the reason to the specific context of loss avoidance rather than gain."
17,"considered important. The reason prefers the lottery with higher probability of obtaining a favorable outcome.

Verbal report:
sicherer Gewinn

Please follow the step-by-step instructions provided and give your FINAL ASSESSMENT in the requested format.assistant

STEPS: 
To assess whether the decision reason was used by the individual, we will follow the step-by-step process.

Step 1: Assess if the decision reason can be applied to the decision problem.
The decision reason considers the probabilities of each lottery and prefers the lottery with a higher probability of obtaining a favorable outcome. For Lottery A, there is a 100% probability of gaining 1500 Euros. For Lottery B, there is a 50% probability of gaining 3000 Euros and a 50% probability of losing 3000 Euros. The information relevant to the decision reason includes the probabilities of gaining a favorable outcome in each lottery, which can be derived from the given outcomes and probabilities. Specifically, Lottery A has a 100% chance of a favorable outcome, while Lottery B has a 50% chance of a favorable outcome.

Step 2: Assess the verbal report.
First, evaluate and summarize information considered by the individual: The verbal report mentions ""sicherer Gewinn,"" which translates to ""safe win"" or ""certain gain"" in English. This suggests the individual considered the certainty of gaining a positive outcome.
Second, evaluate and summarize the individual’s justification for the choice: The phrase ""sicherer Gewinn"" implies that the individual's justification for their choice was based on the certainty or safety of the gain, which directly relates to the probability of obtaining a favorable outcome.

Step 3: Assess whether the decision reason was used by the individual.
First, compare the information relevant to the decision reason with that considered by the individual: The decision reason focuses on the probabilities of favorable outcomes, and the individual considered the certainty of gain, which aligns with focusing on the probability of a favorable outcome.
Second, compare the decision reason’s rule to the individual’s justification for the choice: The decision reason prefers the lottery with a higher probability of a favorable outcome. The individual's emphasis on ""sicherer Gewinn"" suggests they preferred the option that guaranteed a gain, which is Lottery A with its 100% probability of a favorable outcome, aligning with the decision reason's rule.

FINAL ASSESSMENT: 100"
18,"with higher probability of obtaining a favorable outcome.

Verbal report:
sichere Variante für Geldgewinn

Please follow the step-by-step instructions provided and give your FINAL ASSESSMENT in the requested format.assistant

STEPS: 
To assess whether the individual used the decision reason to make the decision, we will follow the step-by-step process outlined.

Step 1: Assess if the decision reason can be applied to the decision problem.
The decision reason considers the probabilities of each lottery and prefers the lottery with a higher probability of obtaining a favorable outcome. For Lottery A, there is a 100% probability of gaining 2000 Euros. For Lottery B, there is a 50% probability of gaining 3000 Euros and a 50% probability of losing 3000 Euros. The information relevant to the decision reason includes the probabilities of gaining a favorable outcome in each lottery. For Lottery A, this is 100% (since the outcome is certain and positive), and for Lottery B, this is 50% (since only one of the two outcomes is favorable).

Step 2: Assess the verbal report.
First, we evaluate and summarize the information considered by the individual. The verbal report mentions ""sichere Variante für Geldgewinn,"" which translates to ""secure option for winning money."" This suggests the individual considered the certainty of gaining money.
Second, we evaluate and summarize the individual’s justification for the choice. The report implies that the individual prioritized the security or certainty of the outcome, which aligns with preferring an option that guarantees a positive outcome.

Step 3: Assess whether the decision reason was used by the individual.
First, we compare the information relevant to the decision reason with that considered by the individual. The decision reason focuses on the probabilities of favorable outcomes, and the individual considered the security of winning money, which can be interpreted as focusing on the certainty (100% probability) of a positive outcome in Lottery A.
Second, we compare the decision reason’s rule to the individual’s justification for the choice. The decision reason prefers the lottery with a higher probability of a favorable outcome, and the individual chose the lottery that guarantees a positive outcome (100% probability), which aligns with the decision reason’s rule.

FINAL ASSESSMENT: 100
The individual's focus on the ""secure option for winning money"" directly aligns with the decision reason's preference for the lottery with a higher probability of obtaining a favorable outcome, especially considering Lottery A offers a 100% chance of a positive outcome. This suggests a strong alignment between the decision reason and the individual's deliberation process."
19,"the lottery with higher probability of obtaining a favorable outcome.

Verbal report:
sicherer Gewinn ohne Risiko

Please follow the step-by-step instructions provided and give your FINAL ASSESSMENT in the requested format.assistant

STEPS: 
To assess whether the individual used the decision reason to make the decision, we'll follow the steps outlined.

Step 1: Assess if the decision reason can be applied to the decision problem.
The decision reason considers the probabilities of each lottery and prefers the lottery with a higher probability of obtaining a favorable outcome. For Lottery A, there's a 50% probability of gaining 3000 Euros and a 50% probability of losing 3000 Euros. For Lottery B, there's a 100% probability of gaining 1000 Euros. The relevant information for the decision reason is the probability of a favorable outcome for each lottery. Lottery A has a 50% chance of a favorable outcome (gaining money), and Lottery B has a 100% chance of a favorable outcome (gaining money). This information can be derived from the lotteries' outcomes and probabilities.

Step 2: Assess the verbal report.
First, evaluate and summarize the information considered by the individual. The verbal report mentions ""sicherer Gewinn ohne Risiko,"" which translates to ""secure win without risk."" This indicates the individual considered the aspect of risk and the certainty of gain.
Second, evaluate and summarize the individual’s justification for the choice. The individual's justification seems to focus on avoiding risk and ensuring a gain, which aligns with preferring a secure outcome over a risky one.

Step 3: Assess whether the decision reason was used by the individual.
First, compare the information relevant to the decision reason with that considered by the individual. The decision reason focuses on the probabilities of favorable outcomes, and the individual considered the aspect of risk and certainty of gain, which indirectly relates to the probabilities of favorable outcomes.
Second, compare the decision reason’s rule to the individual’s justification for the choice. The decision reason prefers the lottery with a higher probability of a favorable outcome, and the individual seems to have chosen based on a desire for a secure (risk-free) gain, which aligns with preferring a higher probability of a favorable outcome (in this case, 100% for Lottery B).

Given these comparisons, it seems the individual's decision process aligns with the decision reason's focus on preferring outcomes with higher probabilities of success or, in this context, a secure gain without risk.

FINAL ASSESSMENT: 100"
20,"higher probability of obtaining a favorable outcome.

Verbal report:
zu großes Risiko bei Lotterie B

Please follow the step-by-step instructions provided and give your FINAL ASSESSMENT in the requested format.assistant

STEPS: 
To assess whether the decision reason was used by the individual, we will follow the step-by-step process outlined.

Step 1: Assess if the decision reason can be applied to the decision problem.
The decision reason considers the probabilities of each lottery and prefers the lottery with a higher probability of obtaining a favorable outcome. In the given decision problem, Lottery A offers 0 Euros with 100% probability, and Lottery B offers 6000 Euros with 50% probability and -6000 Euros with 50% probability. The information relevant to the decision reason includes the probabilities of favorable outcomes for each lottery. For Lottery A, the favorable outcome (0 Euros) has a 100% probability, and for Lottery B, the favorable outcome (6000 Euros) has a 50% probability. Thus, the decision reason can be applied to this decision problem, and the relevant information is that Lottery A has a 100% probability of its outcome, while Lottery B has a 50% probability of its favorable outcome.

Step 2: Assess the verbal report.
First, evaluate and summarize the information considered by the individual: The individual mentions ""zu großes Risiko bei Lotterie B,"" which translates to ""too much risk in Lottery B."" This suggests the individual considered the risk associated with Lottery B.
Second, evaluate and summarize the individual’s justification for the choice: The mention of ""too much risk"" implies that the individual's justification for potentially not choosing Lottery B (and thus implicitly choosing Lottery A) is based on the perceived risk of Lottery B, which is related to its probabilities of outcomes.

Step 3: Assess whether the decision reason was used by the individual.
First, compare the information relevant to the decision reason with that considered by the individual: The decision reason focuses on the probabilities of favorable outcomes, while the individual considered the risk of Lottery B, which can be inferred to be related to its probability of unfavorable outcomes. There's a connection between considering risk and considering probabilities, as higher risk can be associated with lower probabilities of favorable outcomes or higher probabilities of unfavorable outcomes.
Second, compare the decision reason’s rule to the individual’s justification for the choice: The decision reason prefers the lottery with a higher probability of a favorable outcome. The individual's justification, based on the risk of Lottery B, indirectly touches on the idea of probabilities since the risk in Lottery B can be seen as a consequence of its 50% chance of a very negative outcome, contrasting with the certainty of Lottery A's outcome.

Considering these comparisons, the individual's focus on risk can be seen as related to, but not directly equivalent to, the decision reason's focus on probabilities of favorable outcomes. However, the concern over risk in Lottery B implies an awareness of its probabilistic nature and a preference for the certainty offered by Lottery A, which aligns with preferring higher probabilities of favorable outcomes. Thus, while the individual does not explicitly mention probabilities, their concern about risk suggests an implicit consideration of the probabilistic aspects of the lotteries, which is central to the decision reason.

FINAL ASSESSMENT: 70"
