problemID,response
1,"{
  ""step_1"": ""The decision reason evaluates the mean of all outcomes by summing the outcomes of each lottery and dividing by the number of outcomes, regardless of their probabilities. For Lottery A, the outcomes are 2500, 2400, and 0, so the mean is (2500 + 2400 + 0) / 3 = 4900 / 3 ≈ 1633.33 Euros. For Lottery B, there is only one outcome: 2400, so the mean is 2400 / 1 = 2400 Euros. The reason prefers the lottery with the higher mean, which in this case is Lottery B (2400 > 1633.33). Therefore, the reason would lead to a preference for Lottery B. This reason is applicable to the decision problem since the outcomes are numerically defined and can be aggregated to compute the mean."",
  ""step_2"": ""The individual considers Lottery A's 33% chance of winning 2500 Euros, which is more than the 2400 Euros in Lottery B. They acknowledge a risk of getting 0 Euros (1% probability), but describe this risk as 'verschwindend gering' (negligible). The individual justifies their choice by stating that the small risk is worth it for the chance of a higher payout. The deliberation focuses on the potential for a higher outcome (2500 vs 2400) and downplays the 1% risk of getting nothing. There is no mention of averaging outcomes, computing means, or comparing the number of outcomes. The reasoning is based on the potential for a higher gain and the perceived insignificance of the risk, not on a calculation of outcome averages."",
  ""step_3"": ""The information considered by the individual (higher potential gain, negligible risk) does not align with the decision reason, which relies on the arithmetic mean of outcomes (ignoring probabilities). The individual did not consider the number of outcomes or compute any mean. The justification is based on the possibility of a higher payoff and risk assessment, not on averaging outcomes. The decision reason would favor Lottery B due to its higher mean (2400 vs ~1633), but the individual's justification suggests a preference for Lottery A (implied by their willingness to take the risk). Thus, the individual's reasoning process is inconsistent with the decision reason. There is no evidence that the individual used the mean-of-outcomes rule. The final assessment is that the decision reason was not used."",
  ""final_assessment_score"": 0
}"
2,"{
  ""step_1"": ""The decision reason evaluates lotteries based on the arithmetic mean of their outcomes, regardless of probabilities. For Lottery A: outcomes are 2400 and 0, so the mean is (2400 + 0) / 2 = 1200. For Lottery B: outcomes are 2500 and 0, so the mean is (2500 + 0) / 2 = 1250. Thus, according to this reason, Lottery B has a higher mean outcome and would be preferred. The information required by the reason (the outcomes and their count) is directly available from the lotteries, so the reason can be applied to this decision problem."",
  ""step_2"": ""The individual considers that the probabilities of winning in both lotteries are 'very similar' and that the potential winnings are 'also equally high'. They then state they chose the option with the 'potentially slightly higher gain'. The individual focuses on the magnitude of the maximum outcome (2500 vs. 2400) and the similarity in probabilities, without mentioning expected value, variance, or any probabilistic weighting. Their deliberation centers on the comparison of the highest possible outcome and the near-equal likelihood of winning, leading to a preference for the higher potential prize."",
  ""step_3"": ""The decision reason relies on the arithmetic mean of outcomes (1200 for A, 1250 for B), which is not mentioned or referenced in the verbal report. The individual does not discuss averaging outcomes or considering the number of outcomes. Instead, they focus on the maximum prize and the similarity in probabilities. The justification is based on the higher potential gain (2500 > 2400), which aligns with the outcome of the mean-based rule only coincidentally—because B has both the higher mean and the higher maximum outcome. However, the reasoning process described does not involve computing or considering the mean of outcomes. The individual’s justification is based on a comparison of the best outcome, not on averaging. Therefore, the decision reason was not used in the deliberation process. The final choice may align with the reason’s recommendation, but the process does not reflect it."",
  ""final_assessment_score"": 10
}"
3,"{
  ""step_1"": ""The decision reason evaluates lotteries based on the arithmetic mean of their outcomes, calculated by summing all outcomes and dividing by the number of outcomes, regardless of their probabilities. For Lottery A: outcomes are [3000], so the mean is 3000 / 1 = 3000. For Lottery B: outcomes are [4000, 0], so the mean is (4000 + 0) / 2 = 2000. The reason prefers the lottery with the higher mean, which is Lottery A (3000 > 2000). This reason is applicable to the decision problem since the outcomes and their counts are clearly defined and can be used to compute the mean."",
  ""step_2"": ""The individual considered the two lotteries and reflected on their preferences. They explicitly mention that they valued having 3000 Euros for certain over taking the risk of getting nothing with a 20% chance. The key elements in their deliberation are: the certainty of 3000 Euros in Lottery A, and the risk of losing everything (0 Euros) in Lottery B with a 20% probability. The individual’s justification centers on risk aversion and preference for certainty, not on calculating averages or comparing the sum of outcomes divided by their count."",
  ""step_3"": ""The decision reason relies on computing the arithmetic mean of outcomes (sum divided by count), which is a purely mathematical, non-probabilistic average. The individual did not refer to any such calculation, nor did they mention summing outcomes or dividing by the number of outcomes. Instead, they focused on the certainty of the outcome and the risk of losing money. The individual’s justification is based on risk aversion and certainty preference, which is unrelated to the mean-of-outcomes rule. Therefore, the information considered and the reasoning process described do not align with the decision reason. There is no indication that the individual used the mean-of-outcomes rule to make the decision."",
  ""final_assessment_score"": 0
}"
4,"{
  ""step_1"": ""The decision reason involves calculating the mean of the outcomes of each lottery, ignoring their probabilities. For Lottery A, the outcomes are 3000 and 0, so the mean is (3000 + 0) / 2 = 1500. For Lottery B, the outcomes are 4000 and 0, so the mean is (4000 + 0) / 2 = 2000. The reason prefers the lottery with the higher mean, which is Lottery B. This reason is applicable to the decision problem because both lotteries have two outcomes, and their outcomes can be used to compute the mean. The relevant information (outcomes) is available and can be processed according to the rule."",
  ""step_2"": ""The individual considered the probabilities of the lotteries and stated that they decided to prefer a higher probability of winning. Specifically, they emphasized choosing a higher chance of getting a payout (i.e., a higher probability of a non-zero outcome). The individual focused on the probability of winning (25% for A, 20% for B), and chose based on the higher probability of a positive outcome. The justification centers on the likelihood of receiving any reward, not on the magnitude of the reward or the expected value. The individual did not mention the outcomes' values (3000 or 4000) or their average, nor did they reference the mean of the outcomes."",
  ""step_3"": ""First, the information considered by the individual (probabilities of winning) does not align with the information required by the decision reason (the mean of outcomes, ignoring probabilities). The individual did not consider the outcomes' values in a way that would support a mean calculation. Second, the individual’s justification is based on preferring a higher probability of a win, which contradicts the decision reason’s rule (which prefers the lottery with the higher mean outcome, regardless of probabilities). The individual’s reasoning is focused on probability of gain, not on outcome magnitude or arithmetic mean. Therefore, the decision reason was not used. The individual’s deliberation process is inconsistent with the rule of the reason. The final assessment is 0."",
  ""final_assessment_score"": 0
}"
5,"{
  ""step_1"": ""The decision reason evaluates lotteries based on the arithmetic mean of their outcomes, regardless of probabilities. For Lottery A, the outcomes are 3000 and 0, so the mean is (3000 + 0) / 2 = 1500 Euros. For Lottery B, the outcomes are 6000 and 0, so the mean is (6000 + 0) / 2 = 3000 Euros. Thus, according to this reason, Lottery B has a higher mean outcome and would be preferred. The information required by the reason (the set of outcomes) is directly available from the lotteries, so the reason is applicable to this decision problem."",
  ""step_2"": ""The individual considered two factors in their deliberation: (1) the higher probability of winning in Lottery A (90% vs. 45%), and (2) a prior decision to take risks in the previous round, which influenced their current choice. The individual justifies their selection of Lottery A by emphasizing the higher chance of receiving any payout and referencing their previous risk-taking behavior. There is no mention of outcome values, their average, or any calculation involving the mean of outcomes. The focus is solely on probabilities of winning and past behavior."",
  ""step_3"": ""The decision reason relies on the arithmetic mean of outcomes (1500 for A, 3000 for B), favoring Lottery B. However, the individual did not consider outcome values or their mean; instead, they focused on the probability of a non-zero outcome and prior risk exposure. The individual’s justification does not align with the rule of the reason, nor did they consider the relevant information (outcome values) in a way that would reflect mean-based evaluation. Therefore, the decision reason was not used. The individual’s reasoning is based on probability of winning and behavioral consistency, not on outcome averaging."",
  ""final_assessment_score"": 0
}"
6,"{
  ""step_1"": ""The decision reason evaluates lotteries based on the arithmetic mean of their outcomes, regardless of probabilities. For Lottery A, the outcomes are 3000 and 0, so the mean is (3000 + 0) / 2 = 1500. For Lottery B, the outcomes are 6000 and 0, so the mean is (6000 + 0) / 2 = 3000. According to the reason, Lottery B has a higher mean outcome (3000 > 1500), so the reason would prefer Lottery B. The reason is applicable to the decision problem because the outcomes are clearly defined and finite, and their arithmetic mean can be computed."",
  ""step_2"": ""The individual considered the probability of winning something in each lottery. Specifically, they noted that Lottery A has a higher probability of yielding a positive outcome (0.2% vs. 0.1%). This is the only information mentioned in the deliberation process. The justification for choosing Lottery A is based solely on the higher chance of winning any amount, not on the magnitude of the prize or any other factor such as expected value or outcome mean."",
  ""step_3"": ""The decision reason relies on the arithmetic mean of outcomes (ignoring probabilities), which would favor Lottery B (mean = 3000) over Lottery A (mean = 1500). However, the individual did not consider the mean of the outcomes at all. Instead, they focused exclusively on the probability of winning (i.e., the chance of receiving a non-zero outcome). There is no mention of outcome values, their sum, or their average. The individual's justification is based on a different criterion—higher probability of a positive outcome—rather than the mean outcome. Therefore, the decision reason was not used. The comparisons show no alignment between the information considered and the rule applied by the reason."",
  ""final_assessment_score"": 0
}"
7,"{
  ""step_1"": ""The decision reason evaluates lotteries based on the arithmetic mean of their outcomes, regardless of probabilities. For Lottery A, the outcomes are [-3000], so the mean is -3000. For Lottery B, the outcomes are [-4000, 0], so the mean is (-4000 + 0) / 2 = -2000. The reason prefers the lottery with the higher mean outcome, which is Lottery B (-2000 > -3000). Thus, the reason would favor Lottery B. The information required by the reason (outcomes and their count) is available from the lotteries, so the reason can be applied to this decision problem."",
  ""step_2"": ""The individual considers the probabilities and reflects on the psychological aspect of risk and certainty. They emphasize that after understanding the probabilities, they value the chance to avoid any loss (i.e., the 20% chance of getting 0 in Lottery B) more than the certainty of losing 3000 Euros in Lottery A. The individual focuses on the possibility of not losing money and the psychological relief of having a non-zero chance of no loss, rather than on the expected value or average outcome. Their justification centers on the presence of a non-loss outcome and the emotional or behavioral preference for avoiding certain loss, even if it comes with a higher risk of loss."",
  ""step_3"": ""The decision reason relies on the arithmetic mean of outcomes (ignoring probabilities), which favors Lottery B (-2000 > -3000). However, the individual's deliberation does not mention any calculation of averages or consideration of the mean outcome. Instead, they focus on the existence of a non-loss outcome (0 Euros) in Lottery B and the psychological comfort of having a chance to avoid loss, which is unrelated to the mean of outcomes. The individual’s justification is consistent with prospect theory or loss aversion, not with mean-based evaluation. Therefore, the information considered by the individual (probability of no loss, certainty of loss) does not align with the reason's focus on mean outcomes. The rule of the reason (prefer higher mean) is not reflected in the individual’s justification. Hence, the decision reason was not used."",
  ""final_assessment_score"": 0
}"
8,"{
  ""step_1"": ""The decision reason evaluates lotteries based on the arithmetic mean of their outcomes, regardless of probabilities. For Lottery A, the outcomes are -3000 and 0, so the mean is (-3000 + 0) / 2 = -1500. For Lottery B, the outcomes are -4000 and 0, so the mean is (-4000 + 0) / 2 = -2000. The reason prefers the lottery with the higher (less negative) mean, which is Lottery A (-1500 > -2000). This reason is applicable to the decision problem because both lotteries have two outcomes, and their outcomes are numerically defined and can be averaged. The mean calculation is straightforward and independent of probabilities, as required by the reason."",
  ""step_2"": ""The individual mentions repeatedly reviewing the probabilities, indicating attention to probabilistic information. The key justification provided is: 'Am Ende habe ich mich dann für den potentiell geringeren Verlust entschieden' (In the end, I decided for the potentially smaller loss). This suggests the individual focused on the magnitude of the worst-case outcome: Lottery A has a -3000 loss, while Lottery B has a -4000 loss. The individual prioritized avoiding the larger loss, which is a focus on the worst outcome rather than the mean of outcomes. No mention is made of averaging outcomes or considering the sum or average of the outcomes. The deliberation centers on the potential loss magnitude and its likelihood, not on the arithmetic mean of outcomes."",
  ""step_3"": ""First, the information relevant to the decision reason (the mean of outcomes) is not reflected in the individual’s considerations. The individual did not refer to summing or averaging the outcomes. Second, the justification is based on preferring the lottery with the smaller potential loss (i.e., a focus on the worst-case outcome), which is inconsistent with the decision reason’s rule (which depends on the mean of outcomes, not the worst outcome). The individual’s reasoning aligns more with a 'maximin' or 'loss-aversion' heuristic rather than mean-based evaluation. Therefore, the decision reason was not used by the individual. The assessment is certain that the reason was not used."",
  ""final_assessment_score"": 0
}"
9,"{
  ""step_1"": ""The decision reason evaluates lotteries based on the arithmetic mean of their outcomes, regardless of probabilities. For Lottery A, the outcomes are -3000 and 0, so the mean is (-3000 + 0) / 2 = -1500. For Lottery B, the outcomes are -6000 and 0, so the mean is (-6000 + 0) / 2 = -3000. According to the reason, Lottery A has a higher mean (-1500 > -3000) and thus would be preferred. The relevant information (outcomes and their count) is available and can be used to compute the mean. Therefore, the decision reason can be applied to this decision problem."",
  ""step_2"": ""The individual considered the probabilities of the outcomes. They noted that in Lottery A, there is a 90% chance of losing money (i.e., receiving -3000), which they describe as 'fast nearly certain' (fast schon sichere) to lose money. In contrast, they observed that in Lottery B, there is a 55% chance of not losing anything (i.e., receiving 0), which they view as a positive aspect. The individual's justification centers on the likelihood of avoiding loss: they prefer the option with a higher chance of not losing money (55% in B vs. 10% in A), despite the higher magnitude of potential loss in B. The deliberation focuses on the probability of a non-negative outcome (0) and the certainty of loss in A, not on the average of outcomes."",
  ""step_3"": ""The decision reason requires comparing the arithmetic mean of outcomes (ignoring probabilities), which would favor Lottery A (mean = -1500) over B (mean = -3000). However, the individual did not consider the mean of outcomes at all. Instead, they focused on the probability of avoiding loss (55% in B vs. 10% in A), which is unrelated to the mean. The individual’s justification is based on risk aversion toward loss and the chance of breaking even, not on the average of outcomes. Therefore, the decision reason was not used. The information considered by the individual (probabilities of non-loss) does not align with the reason’s input (mean of outcomes), and the justification does not match the reason’s rule (preferring higher mean)."",
  ""final_assessment_score"": 0
}"
10,"{
  ""step_1"": ""The decision reason involves calculating the mean of the outcomes of each lottery, treating each outcome equally regardless of its probability. For Lottery A, the outcomes are -3000 and 0, so the mean is (-3000 + 0) / 2 = -1500. For Lottery B, the outcomes are -6000 and 0, so the mean is (-6000 + 0) / 2 = -3000. According to the reason, Lottery A has a higher mean (-1500 > -3000), so the reason would prefer Lottery A. This reason is applicable to the decision problem because the outcomes and their count are known and can be used to compute the mean."",
  ""step_2"": ""The individual considers the probability of losing money: 0.2% for Lottery A and 0.1% for Lottery B. The individual notes that the probability of losing money is very small (0.2%) in Lottery A, which makes them willing to accept a higher risk (i.e., higher probability of loss) in exchange for a lower potential loss (-3000 instead of -6000). The justification centers on the trade-off between the probability of loss and the magnitude of the loss, not on the mean of the outcomes. The individual does not mention averaging outcomes or considering the arithmetic mean of the outcomes."",
  ""step_3"": ""The information considered by the individual (probability of loss and magnitude of loss) differs from the information used by the decision reason (mean of outcomes, ignoring probabilities). The individual’s justification is based on risk (probability) and loss size, not on the arithmetic mean of outcomes. The decision rule of the reason (prefer the lottery with higher mean outcome) is not reflected in the individual’s reasoning. Therefore, the individual did not use the mean-outcome rule to make the decision. However, there is no explicit contradiction or mention of mean outcomes, so the absence is not definitive proof of non-use, but the reasoning pattern is clearly inconsistent with the reason. The final assessment is based on the mismatch in both the information used and the logic applied."",
  ""final_assessment_score"": 10
}"
11,"{
  ""step_1"": ""The decision reason involves calculating the mean of the outcomes of each lottery, ignoring their probabilities. For Lottery A, the outcomes are 1000 and 0, so the mean is (1000 + 0) / 2 = 500. For Lottery B, the outcome is 500 (only one outcome), so the mean is 500. Thus, both lotteries have the same mean outcome (500), and the reason would be indifferent between them. The reason can be applied to this decision problem since the outcomes are clearly defined and the mean can be computed for each lottery."",
  ""step_2"": ""The individual considered the desire for security ('auf Nummer sicher gehen') and based their choice on this consideration. They explicitly state that they chose Lottery B because they wanted to be safe. There is no mention of calculating averages, summing outcomes, or considering the number of outcomes. The justification focuses solely on risk aversion and the preference for certainty, not on any arithmetic or structural property of the outcomes."",
  ""step_3"": ""The information considered by the individual (risk aversion, desire for certainty) does not align with the decision reason, which is based on the arithmetic mean of outcomes regardless of probabilities. The individual’s justification is about security and avoiding risk, not about computing or comparing means. The decision reason would lead to indifference (same mean), but the individual made a clear choice for B. Since the reasoning process described does not involve mean calculation or outcome averaging, and instead reflects a risk-averse preference, the decision reason was not used. However, the individual did choose the lottery with the same mean, but this is coincidental. The justification does not reference the mean, nor does it reflect the rule of the reason. Therefore, the decision reason was not used."",
  ""final_assessment_score"": 0
}"
12,"{
  ""step_1"": ""The decision reason involves calculating the mean of all outcomes of each lottery by summing the outcomes and dividing by the number of outcomes, regardless of their probabilities. For Lottery A, the outcomes are [-500], so the mean is -500. For Lottery B, the outcomes are [-1000, 0], so the mean is (-1000 + 0) / 2 = -500. Thus, both lotteries have the same mean outcome of -500. The reason would be indifferent between the two lotteries since their means are equal. This reason is applicable to the decision problem because the necessary outcomes are available and can be used to compute the mean."",
  ""step_2"": ""The individual considered the potential outcomes and their probabilities, particularly focusing on the risk of losing half of the amount in Lottery A. The individual expressed a desire to 'at least get out with +1500€', indicating a strong preference for avoiding large losses and a high threshold for acceptable outcomes. The justification centers on risk aversion: the individual finds the risk of losing 500€ in Lottery A too high, especially in comparison to the possibility of losing 1000€ in Lottery B. The individual does not mention any calculation of averages, means, or outcome sums. The reasoning is based on a personal risk threshold and the emotional or psychological weight of potential losses, not on a mathematical averaging of outcomes."",
  ""step_3"": ""The decision reason requires the individual to evaluate the mean of the outcomes (sum of outcomes divided by number of outcomes), which is -500 for both lotteries, leading to indifference. However, the individual did not consider or mention this mean calculation. Instead, the justification was based on risk perception and a desired minimum gain (+1500€), which is unrelated to the mean of outcomes. The individual’s reasoning reflects risk aversion and a focus on worst-case scenarios rather than averaging outcomes. There is no indication that the individual used the mean-based rule. Therefore, the decision reason was not used."",
  ""final_assessment_score"": 0
}"
13,"{
  ""step_1"": ""The decision reason involves calculating the mean of all outcomes within each lottery, regardless of their probabilities. For Lottery A, the outcomes are 6000 and 0, so the mean is (6000 + 0) / 2 = 3000. For Lottery B, the outcomes are 4000, 2000, and 0, so the mean is (4000 + 2000 + 0) / 3 = 2000. Thus, Lottery A has a higher mean outcome (3000 > 2000), and the reason would prefer Lottery A. This reason is applicable to the decision problem since the outcomes and their count are available and can be used to compute the mean."",
  ""step_2"": ""The individual considered the probabilities of winning in the two lotteries. Specifically, they noted that Lottery A offers a 25% chance of winning 6000 Euros, while Lottery B offers a 25% chance of winning 4000 Euros and another 25% chance of winning 2000 Euros. The individual emphasized that in Lottery B, there is a 50% total probability of winning something (25% + 25%), compared to only 25% in Lottery A. The justification for the choice centers on the higher probability of receiving any positive outcome in Lottery B (50% vs. 25%). The individual does not mention the actual values of the outcomes, nor do they refer to averages, expected values, or the number of outcomes. Their reasoning is based solely on the cumulative probability of winning something."",
  ""step_3"": ""The decision reason requires comparing the mean of outcomes (sum of outcomes divided by number of outcomes), which is a rule independent of probabilities. The individual did not consider the mean of outcomes, nor did they refer to the number of outcomes or their average. Instead, they focused exclusively on the total probability of receiving a positive outcome (50% vs. 25%). This is a different decision rule altogether—specifically, one based on the probability of a non-zero outcome rather than outcome averaging. Therefore, the information considered by the individual (probabilities of winning) does not align with the information required by the reason (outcome mean), and the justification (favoring higher chance of winning something) does not match the rule of the reason (preferring higher mean outcome). There is no indication that the individual used the mean of outcomes as a criterion. Hence, the decision reason was not used."",
  ""final_assessment_score"": 0
}"
14,"{
  ""step_1"": ""The decision reason can be applied to the decision problem. The reason evaluates the mean of all outcomes by summing the outcomes of each lottery and dividing by the number of outcomes, regardless of their probabilities. For Lottery A, the outcomes are -6000, 0, and 0 (since the 75% probability is split into two separate 0 outcomes in the mean calculation), so the mean is (-6000 + 0 + 0) / 3 = -2000. For Lottery B, the outcomes are -4000, -2000, 0, and 0 (four outcomes), so the mean is (-4000 + (-2000) + 0 + 0) / 4 = -1500. The reason prefers the lottery with the higher mean, which is Lottery B (-1500 > -2000). Thus, the reason would favor Lottery B."",
  ""step_2"": ""The individual considered the probability of not losing money (i.e., receiving 0 Euros). In Lottery A, the probability of not losing money is 75% (since 0 Euros occurs with 75% probability). In Lottery B, the probability of not losing money is 50% (since 0 Euros occurs with 50% probability). The individual justifies their choice of Lottery A by stating that the chance of not losing money is greater in Lottery A than in Lottery B. The individual does not mention expected value, variance, mean of outcomes, or any other aspect related to the mean of outcomes across the lotteries."",
  ""step_3"": ""The decision reason requires evaluating the arithmetic mean of the outcomes (ignoring probabilities), which leads to preferring Lottery B. However, the individual based their decision on the probability of a non-loss outcome (i.e., the chance of getting 0 Euros), which is unrelated to the mean of outcomes. The information considered by the individual (probabilities of non-loss) differs from the information required by the reason (mean of outcomes). Furthermore, the justification (higher chance of no loss) is inconsistent with the reason’s rule, which would favor Lottery B. Therefore, the individual did not use the specified decision reason. The final assessment is 0."",
  ""final_assessment_score"": 0
}"
15,"{
  ""step_1"": ""The decision reason involves calculating the mean outcome of each lottery by summing all outcomes and dividing by the number of outcomes, regardless of their probabilities. For Lottery A, there is one outcome: 5 Euros. The mean is therefore 5 / 1 = 5 Euros. For Lottery B, there are two outcomes: 5000 Euros and 0 Euros. The mean is (5000 + 0) / 2 = 2500 Euros. Thus, according to this reason, Lottery B has a higher mean outcome (2500 > 5) and would be preferred. The reason is applicable to the decision problem because the outcomes and their counts are clearly defined and can be used to compute the mean as specified."",
  ""step_2"": ""The individual considered the potential for winning more money in Lottery B and emphasized the higher perceived possible gain. The justification centers on the magnitude of the potential prize (\""mehr Geld gewinnen können\"") and the subjective feeling of the possible win being higher (\""in Relation und der gefühlte mögliche Gewinn höher ist\""). The individual did not mention probabilities, expected values, or any calculation involving averages or arithmetic means. The focus is on the maximum possible outcome and the emotional or subjective perception of the potential gain, not on a systematic comparison of outcomes regardless of probability."",
  ""step_3"": ""The decision reason requires computing the arithmetic mean of outcomes (sum divided by number of outcomes), independent of probabilities. The individual did not refer to any such calculation or consideration of the number of outcomes or averaging. Instead, the justification was based on the maximum possible gain and subjective perception of the potential reward. While the individual chose Lottery B, which aligns with the reason’s preference, the deliberation process described does not reflect the application of the mean outcome rule. The reasoning is based on qualitative, subjective impressions rather than a quantitative comparison of means. Therefore, the decision reason was not used in the way specified. However, there is no direct contradiction—no mention of expected value or probabilities—but the absence of any reference to averaging or counting outcomes suggests the reason was not applied. The assessment is not certain but leans toward not used. Hence, the final score reflects uncertainty but leans toward non-use."",
  ""final_assessment_score"": 20
}"
16,"{
  ""step_1"": ""The decision reason involves calculating the mean outcome of each lottery by summing all outcomes and dividing by the number of outcomes, regardless of their probabilities. For Lottery A, there is one outcome: -5 Euros. Thus, the mean is -5. For Lottery B, there are two outcomes: -5000 Euros and 0 Euros. The mean is (-5000 + 0) / 2 = -2500. According to the reason, Lottery A has a higher mean (-5 > -2500), so the reason would prefer Lottery A. The information required by the reason (outcomes and their count) is available from the lotteries, so the reason can be applied to this decision problem."",
  ""step_2"": ""The individual considered the risk of losing a large amount of money (5000 Euros) in Lottery B, which they wanted to avoid. They emphasized the importance of avoiding risk and choosing a safe option. Their justification was based on the desire to avoid a large loss, opting instead for a certain, small loss of 5 Euros. The individual focused on the potential for a large loss and the certainty of a small loss, not on the average or expected value of outcomes. They did not mention calculating averages, summing outcomes, or dividing by the number of outcomes."",
  ""step_3"": ""The decision reason relies on computing the arithmetic mean of outcomes (summing outcomes and dividing by count), which is not mentioned or implied in the verbal report. The individual’s justification was based on risk aversion and the certainty of a small loss, not on any calculation of means. While both the reason and the individual’s justification lead to the same choice (Lottery A), the process is different. The individual did not use the mean-based rule described in the reason. Therefore, the reason was not used. The assessment is certain that the reason was not used."",
  ""final_assessment_score"": 0
}"
17,"{
  ""step_1"": ""The decision reason evaluates lotteries based on the arithmetic mean of their outcomes, calculated by summing all outcomes and dividing by the number of outcomes, regardless of their probabilities. For Lottery A: outcomes are 1500 (one outcome), so the mean is 1500 / 1 = 1500. For Lottery B: outcomes are 3000 and -3000 (two outcomes), so the mean is (3000 + (-3000)) / 2 = 0 / 2 = 0. Thus, the reason would prefer Lottery A (mean = 1500) over Lottery B (mean = 0). The information required by the reason (outcomes and their count) is fully available from the lotteries, so the reason can be applied to this decision problem."",
  ""step_2"": ""The individual considered the certainty of the outcome in Lottery A, emphasizing a preference for a 'sicheren Weg' (safe path). They explicitly mention the risk of losing 3000€ in Lottery B, which occurred with 50% probability. The individual's justification centers on avoiding the potential loss and the perceived high risk of that loss, indicating a risk-averse attitude. No mention is made of calculating averages, summing outcomes, or comparing the mean of outcomes. The deliberation focuses on risk and certainty, not on arithmetic means."",
  ""step_3"": ""The decision reason relies on the arithmetic mean of outcomes, independent of probabilities. The individual did not refer to any averaging or mean calculation. Instead, they focused on the possibility of a large loss and the desire for certainty, which aligns with risk aversion or a focus on worst-case outcomes, not mean-based evaluation. The information considered (risk of loss, desire for safety) differs from the information required by the reason (sum of outcomes and their count). The justification does not follow the rule of the reason (preferring the lottery with higher mean outcome). Therefore, there is no evidence that the individual used this specific decision reason. However, since the individual did prefer Lottery A, which coincidentally is the one preferred by the reason, there is a possible alignment in outcome but not in process. The reason for the choice is fundamentally different."",
  ""final_assessment_score"": 10
}"
18,"{
  ""step_1"": ""The decision reason involves calculating the mean of the outcomes of each lottery by summing the outcomes and dividing by the number of outcomes, regardless of their probabilities. For Lottery A, the outcomes are +3000 and -3000, so the mean is (3000 + (-3000)) / 2 = 0. For Lottery B, the only outcome is +2000, so the mean is 2000 / 1 = 2000. The reason prefers the lottery with the higher mean, which is Lottery B (2000 > 0). Therefore, the decision reason can be applied to this decision problem, and it would lead to a preference for Lottery B."",
  ""step_2"": ""The individual considered the certainty of receiving 2000€ in Lottery B, which provides a guaranteed outcome. In contrast, they perceived Lottery A as involving excessive risk due to the possibility of losing 3000€. The justification centers on risk aversion and the desire for a guaranteed outcome, rather than any calculation involving the arithmetic mean of outcomes or the number of outcomes. No mention is made of summing outcomes or computing averages. The individual’s deliberation focuses on probability and risk, not on the mean of outcomes independent of probabilities."",
  ""step_3"": ""The decision reason requires computing the mean of outcomes by ignoring probabilities and dividing the sum of outcomes by the number of outcomes. The individual did not consider this calculation; instead, they focused on the certainty of the outcome and the risk of loss. The individual’s justification is based on risk aversion and the presence of a guaranteed gain, which is not aligned with the rule of the decision reason. Therefore, the information considered and the reasoning process do not match the decision reason. The individual did not use the mean-of-outcomes rule to make the decision. The final assessment score is 0."",
  ""final_assessment_score"": 0
}"
19,"{
  ""step_1"": ""The decision reason can be applied to the decision problem. The mean outcome for each lottery is calculated by summing all outcomes and dividing by the number of outcomes, regardless of their probabilities. For Lottery A, the outcomes are +3000 and -3000, so the mean is (3000 + (-3000)) / 2 = 0. For Lottery B, there is only one outcome: +1000, so the mean is 1000 / 1 = 1000. According to the reason, Lottery B has a higher mean outcome (1000 > 0) and is therefore preferred."",
  ""step_2"": ""The individual considered the safety of winning something, emphasizing the importance of certainty in gaining a positive outcome. The verbal report states: 'Auch hier war mir die Sicherheit wichtiger etwas zu gewinnen' (Here too, security was more important to me than winning something). This indicates that the individual prioritized certainty (i.e., avoiding the risk of loss) over the possibility of a higher gain. The deliberation focused on risk aversion and the psychological comfort of guaranteed gain, not on the arithmetic mean of outcomes."",
  ""step_3"": ""The information relevant to the decision reason (mean of outcomes) is not mentioned or considered in the verbal report. The individual did not refer to averaging outcomes, nor did they mention any calculation involving the sum or number of outcomes. The justification is based on risk aversion and preference for certainty, which aligns with a different decision-making principle (e.g., risk aversion or certainty effect). The decision rule of the reason (preferring the lottery with higher mean outcome) does not match the individual's justification, which was based on security and certainty. Therefore, the decision reason was not used by the individual."",
  ""final_assessment_score"": 0
}"
20,"{
  ""step_1"": ""The decision reason evaluates lotteries based on the arithmetic mean of their outcomes, regardless of probabilities. For Lottery A, the outcomes are [0], so the mean is 0 / 1 = 0. For Lottery B, the outcomes are [6000, -6000], so the mean is (6000 + (-6000)) / 2 = 0. Thus, both lotteries have the same mean outcome (0). The decision reason would therefore be indifferent between A and B, as neither has a higher mean. The reason can be applied to this decision problem, but it leads to indifference."",
  ""step_2"": ""The individual considers the probabilities of the lotteries, specifically noting the 50% chance of gaining 6000 Euros and the 50% chance of losing 6000 Euros in Lottery B. The individual justifies their choice by referencing their past behavior: they had previously chosen safety (i.e., avoiding risk) in earlier rounds. This past experience has created a 'buffer' that allows them to now take a risk. The justification centers on risk tolerance, psychological readiness, and a strategic shift from prior safety-oriented decisions, not on the arithmetic mean of outcomes or any calculation of averages."",
  ""step_3"": ""The decision reason requires evaluating the arithmetic mean of outcomes (ignoring probabilities), which results in indifference between A and B. However, the individual did not consider or mention any calculation of means or averages. Instead, their deliberation focused on past choices, risk accumulation, and psychological readiness to take a risk. There is no indication that they computed or compared the mean outcomes of the lotteries. The justification is based on risk attitude and behavioral history, not on the mean outcome rule. Therefore, the decision reason was not used. The assessment is certain that the reason was not applied."",
  ""final_assessment_score"": 0
}"
