problem_index,response
0,"differences weighted by their probabilities.assistant

STEPS:
Step 1: Assess if the decision reason can be applied to the decision problem in a strict manner.
To determine the sure outcome for each lottery, we need to find the minimum absolute value of the outcomes. For lottery A, the outcomes are 2500, 2400, and 0 Euros. The minimum absolute value is 0 Euros. For lottery B, the outcome is 2400 Euros, which is the only outcome. Since the outcome is the same as the sure outcome for lottery A, it is also considered the sure outcome for lottery B.

For lottery A, the sure outcome is 0 Euros, and the other outcomes are 2500 and 2400 Euros. To calculate the differences, we subtract the sure outcome from each of the other outcomes: 2500 - 0 = 2500 and 2400 - 0 = 2400. The probabilities of these outcomes are 33% and 66%, respectively.

For lottery B, the sure outcome is 2400 Euros, and the only other outcome is 2400 Euros, which is the same as the sure outcome. Therefore, the difference is 0 Euros with a probability of 100%. However, according to the decision reason, we should ignore the difference and the probability of the sure outcome itself.

Now we can calculate the sum of the sure outcome and the differences weighted by their probabilities for each lottery. For lottery A, the sum is 0 * 0.01 (1% probability of 0 Euros) + 2500 * 0.33 + 2400 * 0.66 = 0 + 825 + 1584 = 2409 Euros.

For lottery B, since the only outcome is the sure outcome, the sum is 2400 * 1 = 2400 Euros.

Step 2: Apply the decision reason to the decision problem by strictly following the decision reason's rule.
The sum of the sure outcome and the differences weighted by their probabilities for lottery A is 2409 Euros. The sum for lottery B is 2400 Euros. Since 2409 is greater than 2400, the decision reason prefers lottery A. 

FINAL ANSWER: A"
1,"the differences weighted by their probabilities.assistant

STEPS:
Step 1: Assess if the decision reason can be applied to the decision problem in a strict manner.
The decision reason considers the outcomes of each lottery and their associated probabilities. The relevant information can be derived from the lotteries' outcomes and probabilities. The decision reason also considers the differences between the sure outcome and the remaining outcomes. Therefore, the decision reason can be applied to the decision problem in a strict manner.

The relevant information about the lotteries is as follows:
Lottery A:
- Outcome with the minimum absolute value: 0 Euros (with 67% probability)
- The sure outcome is 0 Euros.
- The remaining outcome is 2500 Euros (with 33% probability).
- The difference between the sure outcome (0 Euros) and the remaining outcome (2500 Euros) is 2500 Euros.
- The weighted difference is 2500 * 0.33 = 825 Euros.

Lottery B:
- Outcome with the minimum absolute value: 0 Euros (with 66% probability)
- The sure outcome is 0 Euros.
- The remaining outcome is 2400 Euros (with 34% probability).
- The difference between the sure outcome (0 Euros) and the remaining outcome (2400 Euros) is 2400 Euros.
- The weighted difference is 2400 * 0.34 = 816 Euros.

Step 2: Apply the decision reason to the decision problem.
The decision reason prefers the lottery with the more favorable sum of the sure outcome and the differences weighted by their probabilities. 
The sum of the sure outcome and the weighted differences for Lottery A is 0 + 825 = 825 Euros.
The sum of the sure outcome and the weighted differences for Lottery B is 0 + 816 = 816 Euros.
Since 825 Euros is greater than 816 Euros, the decision reason prefers Lottery A.

FINAL ANSWER: A"
2,"more favorable sum of the sure outcome and the differences weighted by their probabilities.assistant

STEPS:

Step 1: Assess if the decision reason can be applied to the decision problem in a strict manner.

The decision reason considers the outcomes of each lottery, the sure outcome, and the differences between the sure outcome and the remaining outcomes. In Lottery A, the outcome with the minimum absolute value is 0 Euros. In Lottery B, the outcome with the minimum absolute value is also 0 Euros. The differences between the sure outcome and the remaining outcomes can be calculated as follows:

Lottery A: 
- Difference for 4000 Euros: |4000 - 0| = 4000
- Difference for 0 Euros: |0 - 0| = 0
The probabilities for these differences are 80% and 20% respectively.

Lottery B:
- Difference for 3000 Euros: |3000 - 0| = 3000
- Difference for 0 Euros: |0 - 0| = 0
The probabilities for these differences are 100% and 0% respectively.

The sum of the sure outcome and the differences weighted by their probabilities can be calculated as follows:

Lottery A: 0 + (4000 * 0.8) + (0 * 0.2) = 3200
Lottery B: 0 + (3000 * 1) + (0 * 0) = 3000

The decision reason can be applied to the decision problem in a strict manner.

Step 2: Apply the decision reason to the decision problem by strictly following the decision reason’s rule.

Since Lottery A has a higher sum of the sure outcome and the differences weighted by their probabilities (3200) compared to Lottery B (3000), the decision reason prefers Lottery A.

FINAL ANSWER: A"
3,"the differences weighted by their probabilities.assistant

STEPS:
Step 1: Assess if the decision reason can be applied to the decision problem in a strict manner.

To apply the decision reason, we need to identify the sure outcome and the differences between the sure outcome and the remaining outcomes for each lottery.

Lottery A: The outcome with the minimum absolute value is 0 Euros, which is the sure outcome. The difference between the sure outcome (0 Euros) and the other outcome (4000 Euros) is 4000 Euros. This difference is weighted by its probability (20% or 0.2).

Lottery B: The outcome with the minimum absolute value is also 0 Euros, which is the sure outcome. The difference between the sure outcome (0 Euros) and the other outcome (3000 Euros) is 3000 Euros. This difference is weighted by its probability (25% or 0.25).

The decision reason requires the sum of the sure outcome and the differences weighted by their probabilities. For Lottery A, this is 0 + (4000 * 0.2) = 800. For Lottery B, this is 0 + (3000 * 0.25) = 750.

The relevant information can be derived from the lotteries' outcomes and probabilities, so the decision reason can be applied in a strict manner.

Step 2: Apply the decision reason to the decision problem.

Since the sum of the sure outcome and the differences weighted by their probabilities is higher for Lottery A (800) than for Lottery B (750), the decision reason prefers Lottery A.

FINAL ANSWER: A"
4,"the differences weighted by their probabilities.assistant

STEPS: 

Step 1: Assess if the decision reason can be applied to the decision problem in a strict manner.
We can derive the relevant information needed for the decision reason, which is the outcomes, their probabilities, and the sure outcome. The outcomes for the lotteries are 6000 Euros and 0 Euros for lottery A, and 3000 Euros and 0 Euros for lottery B. The relevant information about the lotteries is summarized as follows:
Lottery A: 6000 Euros with 45% probability, 0 Euros with 55% probability
Lottery B: 3000 Euros with 90% probability, 0 Euros with 10% probability
The sure outcome for lottery A is 0 Euros, and for lottery B is also 0 Euros. The absolute value of the sure outcome for both lotteries is the same (0 Euros), and the remaining outcomes have absolute values of 6000 Euros for lottery A and 3000 Euros for lottery B.

Step 2: Apply the decision reason to the decision problem by strictly following the decision reason’s rule.
The decision reason considers the differences between the sure outcome and the remaining outcomes weighted by their probabilities. For lottery A, the difference between the sure outcome (0 Euros) and the remaining outcome (6000 Euros) is 6000 Euros. The probability of the remaining outcome is 45%, so the weighted difference is 6000 * 0.45 = 2700 Euros. For lottery B, the difference between the sure outcome (0 Euros) and the remaining outcome (3000 Euros) is 3000 Euros. The probability of the remaining outcome is 90%, so the weighted difference is 3000 * 0.90 = 2700 Euros.
Both lotteries have the same weighted sum of differences (2700 Euros), so the decision reason is indifferent between the two lotteries.

FINAL ANSWER: INDIFFERENT"
5,"assistant

STEPS:
Step 1: Assess if the decision reason can be applied to the decision problem in a strict manner.
The decision reason considers the outcomes of each lottery and their probabilities. To apply the decision reason, we need to identify the sure outcome in each lottery, calculate the differences between the sure outcome and the remaining outcomes, and then calculate the weighted sum of these differences. This can be done using the given lotteries' outcomes and probabilities.

Lottery A has a 0.1% chance of winning 6000 Euros and a 99.9% chance of winning 0 Euros. 
The sure outcome is 0 Euros. 
The difference between the sure outcome (0 Euros) and the winning outcome (6000 Euros) is 6000 Euros. 
The difference weighted by its probability is 6000 * 0.001 = 6 Euros.

Lottery B has a 0.2% chance of winning 3000 Euros and a 99.8% chance of winning 0 Euros. 
The sure outcome is 0 Euros. 
The difference between the sure outcome (0 Euros) and the winning outcome (3000 Euros) is 3000 Euros. 
The difference weighted by its probability is 3000 * 0.002 = 6 Euros.

The sure outcome is the same for both lotteries (0 Euros), and the weighted sum of the differences is also the same (6 Euros) for both lotteries.

Step 2: Apply the decision reason to the decision problem by strictly following the decision reason’s rule.
Since the decision reason considers the sure outcome and the weighted sum of the differences, and the values are the same for both lotteries, the reason is indifferent between the lotteries.

FINAL ANSWER: INDIFFERENT"
6,"sum of the sure outcome and the differences weighted by their probabilities.assistant

STEPS: 
Step 1: Assess if the decision reason can be applied to the decision problem in a strict manner.

The decision reason considers the outcomes of each lottery and their probabilities. For lottery A, the outcome with the minimum absolute value is 0 Euros with a 20% probability. For lottery B, the outcome with the minimum absolute value is -3000 Euros with a 100% probability.

However, the sure outcome for lottery A is not a single value but rather two values: -4000 Euros with an 80% probability and 0 Euros with a 20% probability. The decision reason considers the outcome with the minimum absolute value, which in the case of lottery A is 0 Euros. The decision reason then considers the differences between the sure outcome and the remaining outcomes. For lottery A, the difference between the sure outcome (0 Euros) and the remaining outcome (-4000 Euros) is 4000 Euros. The difference is weighted by the probability of the remaining outcome, which is 0.2. The weighted difference is 800 Euros.

For lottery B, the sure outcome is a single value: -3000 Euros. The difference between the sure outcome and the remaining outcome (-3000 Euros) is 0 Euros. The weighted difference is 0 Euros.

The relevant information about the lotteries relevant to the decision reason is:
- Lottery A: 0 Euros (sure outcome) and a weighted difference of 800 Euros.
- Lottery B: -3000 Euros (sure outcome) and a weighted difference of 0 Euros.

The decision reason prefers the lottery with the more favorable sum of the sure outcome and the differences weighted by their probabilities.

Step 2: Apply the decision reason to the decision problem.

The sum of the sure outcome and the differences weighted by their probabilities for lottery A is 0 Euros (sure outcome) + 800 Euros (weighted difference) = 800 Euros.

The sum of the sure outcome and the differences weighted by their probabilities for lottery B is -3000 Euros (sure outcome) + 0 Euros (weighted difference) = -3000 Euros.

Since 800 Euros is greater than -3000 Euros, the decision reason prefers lottery A.

FINAL ANSWER: A"
7,"weighted by their probabilities.assistant

STEPS:
Step 1: Assess if the decision reason can be applied to the decision problem in a strict manner.

Lottery A has two outcomes: -4000 Euros with a 20% probability and 0 Euros with an 80% probability. The outcome with the minimum absolute value is 0 Euros. The differences between the sure outcome (0 Euros) and the remaining outcomes are: -4000 Euros (absolute value is 4000 Euros) with a 20% probability and 0 Euros with an 80% probability.

Lottery B has two outcomes: -3000 Euros with a 25% probability and 0 Euros with a 75% probability. The outcome with the minimum absolute value is 0 Euros. The differences between the sure outcome (0 Euros) and the remaining outcomes are: -3000 Euros (absolute value is 3000 Euros) with a 25% probability and 0 Euros with a 75% probability.

The relevant information for the decision reason is the minimum absolute value (0 Euros for both lotteries) and the differences between the sure outcome and the remaining outcomes, and their probabilities (20% for 4000 Euros in lottery A, 80% for 0 Euros in lottery A, 25% for 3000 Euros in lottery B, and 75% for 0 Euros in lottery B).

The relevant information can be derived from the lotteries' outcomes and probabilities. The decision reason can be applied to the decision problem in a strict manner.

Step 2: Apply the decision reason to the decision problem.

The decision reason prefers the lottery with the more favorable sum of the sure outcome (0 Euros) and the differences weighted by their probabilities. 

For lottery A, the sum is: (0 * 0.8) + (4000 * 0.2) = 800 Euros

For lottery B, the sum is: (0 * 0.75) + (3000 * 0.25) = 750 Euros

Lottery A has a more favorable sum, 800 Euros, compared to lottery B's sum, 750 Euros. Therefore, the decision reason prefers lottery A.

FINAL ANSWER: A"
8,"weighted by their probabilities.assistant

STEPS:
Step 1: Assess if the decision reason can be applied to the decision problem in a strict manner.
The decision reason considers the outcomes of each lottery. The relevant information can be derived from the lotteries' outcomes and probabilities, which are: 
Lottery A: -6000 Euros with 45% probability and 0 Euros with 55% probability
Lottery B: -3000 Euros with 90% probability and 0 Euros with 10% probability.
The decision reason can be applied to the decision problem in a strict manner.

Step 2: Apply the decision reason to the decision problem.
To apply the decision reason, we need to identify the sure outcome for each lottery. In this case, the sure outcome is 0 Euros for both lotteries since it has the minimum absolute value.

Next, we calculate the differences between the sure outcome (0 Euros) and the remaining outcomes:
Lottery A: |0 - (-6000)| = 6000 Euros (with 45% probability) and |0 - 0| = 0 Euros (with 55% probability)
Lottery B: |0 - (-3000)| = 3000 Euros (with 90% probability) and |0 - 0| = 0 Euros (with 10% probability)

Now, we calculate the sum of the sure outcome and the differences weighted by their probabilities:
Lottery A: (0 + (6000 * 0.45)) + (0 * 0.55) = 2700
Lottery B: (0 + (3000 * 0.9)) + (0 * 0.1) = 2700

Both lotteries have the same sum, so the decision reason is indifferent between the two lotteries.

FINAL ANSWER: INDIFFERENT"
9,"STEPS:
Step 1: Assess if the decision reason can be applied to the decision problem in a strict manner.

The decision reason considers the outcomes of each lottery and the differences between the sure outcome and the remaining outcomes. The relevant information about the lotteries can be derived from the outcomes and their probabilities. Specifically, we can identify the sure outcome for each lottery and calculate the differences and their probabilities.

For Lottery A, the sure outcome is 0 Euros with a probability of 99.9%. The difference is -6000 Euros with a probability of 0.1%. 

For Lottery B, the sure outcome is 0 Euros with a probability of 99.8%. The difference is -3000 Euros with a probability of 0.2%.

The relevant information about the lotteries is:
Lottery A: sure outcome = 0 Euros (0.999), difference = -6000 Euros (0.001)
Lottery B: sure outcome = 0 Euros (0.998), difference = -3000 Euros (0.002)

The decision reason requires the sum of the sure outcome and the differences weighted by their probabilities. We can calculate this sum for each lottery.

For Lottery A: 0 * 0.999 + (-6000) * 0.001 = -6
For Lottery B: 0 * 0.998 + (-3000) * 0.002 = -6

Since the sums are equal, the decision reason prefers both lotteries equally. 

FINAL ANSWER: INDIFFERENT"
10,"the more favorable sum of the sure outcome and the differences weighted by their probabilities.assistant

STEPS: 
Step 1: Assess if the decision reason can be applied to the decision problem in a strict manner.
The decision reason considers the outcomes and their probabilities, which are available in the decision problem. Therefore, the decision reason can be applied to the decision problem in a strict manner.

The outcomes of lottery A are 1000 Euros with a 50% probability and 0 Euros with a 50% probability. The minimum absolute value among these outcomes is 0 Euros. Let's call this the sure outcome. The differences between the sure outcome and the remaining outcomes are 1000 Euros and 0 Euros. The probabilities of these outcomes are 0.5 and 0.5, respectively.

The outcomes of lottery B are 500 Euros with a 100% probability. The minimum absolute value among these outcomes is 500 Euros. The difference between the sure outcome (0 Euros) and the remaining outcome is 500 Euros. The probability of this outcome is 1.

The sum of the sure outcome (0 Euros) and the differences weighted by their probabilities for lottery A is: (0 Euros * 0.5) + (1000 Euros * 0.5) = 500 Euros.

The sum of the sure outcome (0 Euros) and the differences weighted by their probabilities for lottery B is: (0 Euros * 1) + (500 Euros * 1) = 500 Euros.

Since the sums are equal, the decision reason is indifferent between the lotteries.

FINAL ANSWER: INDIFFERENT"
11,"favorable sum of the sure outcome and the differences weighted by their probabilities.assistant

STEPS:
Step 1: Assess if the decision reason can be applied to the decision problem in a strict manner.
To apply the decision reason, we need to determine the sure outcome for each lottery and the differences between the sure outcome and the remaining outcomes. The relevant information about the lotteries is as follows:

Lottery A:
- The sure outcome with the minimum absolute value is 0 Euros.
- The remaining outcomes are -1000 Euros (50% probability) and 0 Euros (50% probability).
- The difference between the sure outcome (0 Euros) and the other outcomes are -1000 Euros (for the -1000 Euros outcome) and 0 Euros (for the 0 Euros outcome).

Lottery B:
- The sure outcome with the minimum absolute value is -500 Euros.
- The remaining outcome is -500 Euros (100% probability).
- The difference between the sure outcome (-500 Euros) and the other outcome is 0 Euros (for the -500 Euros outcome).

The decision reason considers the outcomes of each lottery, so it can be applied to the decision problem in a strict manner.

Step 2: Apply the decision reason to the decision problem.
The decision reason prefers the lottery with the more favorable sum of the sure outcome and the differences weighted by their probabilities. 

For Lottery A, the sum is: 
- The sure outcome is 0 Euros.
- The difference between the sure outcome and the other outcomes are -1000 Euros (for the -1000 Euros outcome) and 0 Euros (for the 0 Euros outcome).
- The sum is: 0 Euros + (0.5 * 1000 Euros) + (0.5 * 0 Euros) = 500 Euros.

For Lottery B, the sum is: 
- The sure outcome is -500 Euros.
- The difference between the sure outcome and the other outcome is 0 Euros (for the -500 Euros outcome).
- The sum is: -500 Euros + (1 * 0 Euros) = -500 Euros.

Since the sum of the sure outcome and the differences weighted by their probabilities for Lottery A is 500 Euros and for Lottery B is -500 Euros, the decision reason prefers Lottery A.

FINAL ANSWER: A"
12,"assistant

STEPS:
Step 1: Assess if the decision reason can be applied to the decision problem in a strict manner.

In this problem, the decision reason considers the outcomes of each lottery, the sure outcome, and the differences between the sure outcome and the remaining outcomes. The relevant information can be derived from the lotteries' outcomes and probabilities. 

The sure outcome in Lottery A is 0 Euros, and in Lottery B, it is also 0 Euros. The remaining outcomes and their probabilities are:
Lottery A: 6000 Euros with 25% probability
Lottery B: 4000 Euros with 25% probability, 2000 Euros with 25% probability

The differences between the sure outcome and the remaining outcomes are:
Lottery A: 6000 - 0 = 6000 Euros
Lottery B: 4000 - 0 = 4000 Euros, 2000 - 0 = 2000 Euros

The probability-weighted sums of the differences are:
Lottery A: 6000 * 0.25 = 1500 Euros
Lottery B: 4000 * 0.25 = 1000 Euros, 2000 * 0.25 = 500 Euros
The sum of the probability-weighted differences for Lottery B is 1000 + 500 = 1500 Euros.

Since the sums are equal, the decision reason is indifferent between the lotteries.

FINAL ANSWER: INDIFFERENT"
13,"STEPS: 
Step 1: 
For the decision reason to be applied to the decision problem in a strict manner, the relevant information about the lotteries must be derived from their outcomes and probabilities. 
Lottery A has two outcomes: 6000 Euros with 25% probability and 0 Euros with 75% probability. 
Lottery B has three outcomes: -4000 Euros with 25% probability, -2000 Euros with 25% probability, and 0 Euros with 50% probability.
The sure outcome for each lottery must be determined. 
In Lottery A, the outcome with the minimum absolute value is 0 Euros, which is considered a sure outcome. 
In Lottery B, the outcome with the minimum absolute value is also 0 Euros, which is considered a sure outcome. 
The differences between the sure outcome and the remaining outcomes are also calculated. 
For Lottery A, the difference is |0 - 6000| = 6000 Euros with 25% probability. 
For Lottery B, the differences are |0 - (-4000)| = 4000 Euros with 25% probability and |0 - (-2000)| = 2000 Euros with 25% probability. 
The sum of the sure outcome and the differences weighted by their probabilities must be calculated for each lottery. 
For Lottery A, the sum is 0 * 0.75 + 6000 * 0.25 = 1500 Euros. 
For Lottery B, the sum is 0 * 0.5 + 4000 * 0.25 + 2000 * 0.25 = 1000 Euros. 
The decision reason prefers the lottery with the more favorable sum. 
Since 1500 Euros is greater than 1000 Euros, the decision reason prefers Lottery A.

FINAL ANSWER: A"
14,"of the sure outcome and the differences weighted by their probabilities.assistant

STEPS:
Step 1: Assess if the decision reason can be applied to the decision problem in a strict manner.
To apply this decision reason, we need to identify the sure outcome for each lottery, calculate the differences between the sure outcome and the remaining outcomes, and then calculate the sum of the sure outcome and the differences weighted by their probabilities.

Lottery A: The outcome with the minimum absolute value is 0 Euros. The difference between the sure outcome and the remaining outcome is 5000 Euros with a probability of 0.1% (0.001). 

Lottery B: The outcome with the minimum absolute value is 5 Euros. The difference between the sure outcome and the remaining outcome is 0 Euros with a probability of 100% (1).

The relevant information for the decision reason can be derived from the lotteries' outcomes and probabilities. Therefore, we can proceed to Step 2.

Step 2: Apply the decision reason to the decision problem.
For Lottery A, the sum of the sure outcome and the differences weighted by their probabilities is: 0 Euros (sure outcome) + (5000 Euros * 0.001) = 5 Euros.

For Lottery B, the sum of the sure outcome and the differences weighted by their probabilities is: 5 Euros (sure outcome) + (0 Euros * 1) = 5 Euros.

The decision reason prefers the lottery with the more favorable sum. Both lotteries A and B have the same sum of 5 Euros, so the decision reason is indifferent between the lotteries.

FINAL ANSWER: INDIFFERENT"
15,"sure outcome and the differences weighted by their probabilities.assistant

STEPS: 
Step 1: Assess if the decision reason can be applied to the decision problem in a strict manner. 
To determine the relevant information, we need to identify the outcomes of each lottery, their probabilities, and find the minimum absolute value outcome. 
Lottery A has two outcomes: -5000 Euros with a 0.1% probability and 0 Euros with a 99.9% probability. 
Lottery B has one outcome: -5 Euros with a 100% probability. 
The minimum absolute value outcome in Lottery A is 0 Euros, and in Lottery B, it's -5 Euros. 
Since the decision reason can derive the relevant information from the lotteries' outcomes and probabilities, it can be applied in a strict manner. 

Next, we need to calculate the sum of the sure outcome and the differences weighted by their probabilities for each lottery. 
For Lottery A, the sure outcome is 0 Euros, and the difference between the remaining outcome and the sure outcome is 5000 Euros. 
For Lottery A, the probability of the difference is 0.1% or 0.001. 
So, for Lottery A, the sum is 0 + (5000 * 0.001) = 5 Euros.

For Lottery B, the sure outcome is -5 Euros, and there is no difference between the remaining outcome and the sure outcome since it is the same outcome. 
So, for Lottery B, the sum is -5 + (-5 * 1) = -10 Euros.

Step 2: Apply the decision reason to the decision problem by strictly following the decision reason’s rule. 
The decision reason prefers the lottery with the more favorable sum. 
Since 5 Euros is greater than -10 Euros, the decision reason prefers Lottery A.

FINAL ANSWER: A"
16,"sum of the sure outcome and the differences weighted by their probabilities.assistant

STEPS: 
Step 1: Assess if the decision reason can be applied to the decision problem in a strict manner.

Lottery A has two outcomes: 3000 Euros with a 50% probability and -3000 Euros with a 50% probability. The outcome with the minimum absolute value is -3000 Euros. To find the sure outcome, we take the absolute value of -3000 Euros, which is 3000 Euros.

Lottery B has one outcome: 1500 Euros with a 100% probability. The outcome is 1500 Euros, which is the sure outcome.

For Lottery A, we need to calculate the differences between the sure outcome and the remaining outcome, which is 3000 Euros - (-3000 Euros) = 6000 Euros. Since there are two outcomes with equal probabilities, we multiply the difference by the probability, which is 0.5 * 6000 = 3000 Euros.

For Lottery B, since there is only one outcome, the difference is 0.

The sum of the sure outcome and the differences weighted by their probabilities for Lottery A is 3000 + 3000 = 6000 Euros.

The sum of the sure outcome and the differences weighted by their probabilities for Lottery B is 1500 + 0 = 1500 Euros.

The decision reason prefers the lottery with the more favorable sum of the sure outcome and the differences weighted by their probabilities. Since 6000 > 1500, the decision reason prefers Lottery A.

FINAL ANSWER: A"
17,"sum of the sure outcome and the differences weighted by their probabilities.assistant

STEPS: 
Step 1: Assess if the decision reason can be applied to the decision problem in a strict manner.

The decision reason considers the outcomes of each lottery, specifically the outcome with the minimum absolute value as the sure outcome, and the differences between this sure outcome and the remaining outcomes weighted by their probabilities. 
Lottery A outcomes are 3000 and -3000. The minimum absolute value is 3000 (with a 50% probability), and the other outcome is -3000 (with a 50% probability).
Lottery B outcomes are 2000 (with a 100% probability). 
The minimum absolute value in Lottery B is 2000, and since there's only one outcome, there's no difference to be weighted by probability.
 
The relevant information about the lotteries for the decision reason includes the sure outcome and the differences weighted by probability for each lottery. 
For Lottery A, the sure outcome is 3000 (with a 50% probability) and the difference between the sure outcome and the other outcome is -6000 (with a 50% probability), but this difference is the absolute value of 6000. Since the difference is negative, the decision reason should consider it as -6000. 
For Lottery B, the sure outcome is 2000, and there is no difference to be weighted by probability.

The sum of the sure outcome and the weighted differences for Lottery A is 3000 - 3000*0.5 = 1500. 
The sum of the sure outcome and the weighted differences for Lottery B is 2000.

Since the lotteries' relevant information can be derived from their outcomes and probabilities, the decision reason can be applied to the decision problem in a strict manner. Therefore, proceed to Step 2.

Step 2: Apply the decision reason to the decision problem.

The decision reason prefers the lottery with the more favorable sum of the sure outcome and the differences weighted by their probabilities. 
The sum for Lottery A is 1500, and the sum for Lottery B is 2000. 
Since the sum for Lottery B is greater than the sum for Lottery A, the decision reason prefers Lottery B.

FINAL ANSWER: B"
18,"sum of the sure outcome and the differences weighted by their probabilities.assistant

STEPS:
Step 1: Assess if the decision reason can be applied to the decision problem in a strict manner.

In this problem, we can derive the relevant information from the lotteries' outcomes and probabilities. For each lottery, we need to find the sure outcome with the minimum absolute value and the differences between this sure outcome and the remaining outcomes.

Lottery A has two outcomes: 3000 Euros with 50% probability and -3000 Euros with 50% probability. The sure outcome with the minimum absolute value is -3000 Euros. The differences between the sure outcome (-3000 Euros) and the remaining outcome (3000 Euros) is 6000 Euros (|3000 - (-3000)| = 6000). Since the probability of 3000 Euros is 50%, the weighted difference is 3000 Euros.

Lottery B has one outcome: 1000 Euros with 100% probability. There is no sure outcome with the minimum absolute value, so we consider the outcome itself as the sure outcome. The difference between the sure outcome (0 Euros) and the remaining outcome (1000 Euros) is 1000 Euros. However, since the probability of 1000 Euros is 100%, the weighted difference is 0 (1000 * 0 = 0) but we can see that there is only one outcome so we do not need to use a weighted difference in this scenario.

The reason prefers the lottery with the more favorable sum of the sure outcome and the differences weighted by their probabilities. For Lottery A, the sum is -3000 + (3000 * 0.5) = -3000 + 1500 = -1500. For Lottery B, the sum is 0 + 0 = 0.

Since -1500 is less than 0, the decision reason prefers Lottery A.

FINAL ANSWER: A"
19,"favorable sum of the sure outcome and the differences weighted by their probabilities.assistant

STEPS:

Step 1: Assess if the decision reason can be applied to the decision problem in a strict manner.
For the decision reason, we need to identify the outcomes with the minimum absolute values, calculate the sum of the sure outcome and the differences weighted by their probabilities, and then compare these sums between the two lotteries.

For Lottery A, the outcomes are 6000 and -6000. The minimum absolute value is 6000. The sure outcome is 6000, and the difference between the sure outcome and the other outcome is |6000 - (-6000)| = 12000. Since the probability of the other outcome is 50%, the weighted difference is 12000 * 0.5 = 6000.

For Lottery B, the outcome is 0. The minimum absolute value is 0. The sure outcome is 0, and the difference between the sure outcome and the other outcomes is 0. The weighted difference is also 0.

Lottery A's sum is 6000 + 6000 = 12000. Lottery B's sum is 0 + 0 = 0.

The relevant information can be derived, so the decision reason can be applied to the decision problem in a strict manner.

Step 2: Apply the decision reason to the decision problem.
The sum of the sure outcome and the differences weighted by their probabilities for Lottery A is 12000. The sum for Lottery B is 0. Therefore, the decision reason prefers Lottery A over Lottery B.

FINAL ANSWER: A"
0,"differences weighted by their probabilities.assistant

STEPS:
Step 1: Assess if the decision reason can be applied to the decision problem in a strict manner.
The decision reason considers the outcomes and their probabilities. 
Lottery A has outcomes of 2500, 2400, and 0 Euros with probabilities 0.33, 0.66, and 0.01 respectively.
Lottery B has outcomes of 2400 Euros with 100% probability. 
The relevant information for the decision reason is the outcomes and their probabilities. Therefore, the decision reason can be applied to the decision problem in a strict manner.

To apply the decision reason, we need to identify the sure outcome for each lottery. 
For lottery A, the minimum absolute value outcome is 0 Euros. 
For lottery B, the minimum absolute value outcome is also 2400 Euros.

The sure outcome is 0 Euros for lottery A and 2400 Euros for lottery B.

Step 2: Apply the decision reason to the decision problem.
Now we calculate the sum of the sure outcome and the differences weighted by their probabilities for each lottery.
For lottery A, the difference between the sure outcome (0 Euros) and the remaining outcomes (2500 and 2400 Euros) are 2500 and 2400 Euros respectively. 
Since 2400 Euros is the smaller difference, we only consider the difference 2400 Euros and its corresponding probability 0.66. 
The other difference 2500 Euros has a probability of 0.33, which is less than 0.66. 
The sum of the sure outcome and the differences weighted by their probabilities is: 0 + (2400 * 0.66) = 1584.

For lottery B, the difference between the sure outcome (2400 Euros) and the remaining outcome (2400 Euros) is 0 Euros. 
The sum of the sure outcome and the differences weighted by their probabilities is: 2400 + (0 * 1) = 2400.

The sum of the sure outcome and the differences weighted by their probabilities for lottery A is 1584, and for lottery B is 2400. 
Since 2400 is larger than 1584, the decision reason prefers lottery B.

FINAL ANSWER: B"
1,"the differences weighted by their probabilities.assistant

STEPS:
Step 1: Assess if the decision reason can be applied to the decision problem in a strict manner.
The decision reason considers the outcomes of each lottery and the differences between the sure outcome and the remaining outcomes. 
In Lottery A, the outcome with the minimum absolute value is 0 Euros, with a 67% probability. 
In Lottery B, the outcome with the minimum absolute value is also 0 Euros, with a 66% probability. 
Both lotteries have relevant information for the decision reason.

The relevant information about the lotteries is:
Lottery A: 2500 Euros with 33% probability, 0 Euros with 67% probability.
Lottery B: 2400 Euros with 34% probability, 0 Euros with 66% probability.

The sure outcome in both lotteries is 0 Euros, with 67% probability in Lottery A and 66% probability in Lottery B.

Step 2: Apply the decision reason to the decision problem by strictly following the decision reason's rule.
The differences between the sure outcome (0 Euros) and the remaining outcomes are considered:
Lottery A: 2500 - 0 = 2500 Euros with 33% probability.
Lottery B: 2400 - 0 = 2400 Euros with 34% probability.

The differences are weighted by their probabilities:
Lottery A: 2500 * 0.33 = 825 Euros.
Lottery B: 2400 * 0.34 = 816 Euros.

The sum of the sure outcome and the weighted differences for Lottery A is: 0 + 825 = 825 Euros.
The sum of the sure outcome and the weighted differences for Lottery B is: 0 + 816 = 816 Euros.

Since the sum of the sure outcome and the weighted differences is higher for Lottery A (825 > 816), the decision reason prefers Lottery A.

FINAL ANSWER: A"
2,"more favorable sum of the sure outcome and the differences weighted by their probabilities.assistant

STEPS: 

Step 1: Assess if the decision reason can be applied to the decision problem in a strict manner.

To apply the decision reason, we need to identify the sure outcome in each lottery and then calculate the sum of the sure outcome and the differences weighted by their probabilities. 

For Lottery A, the sure outcome is 0 Euros (since 0 < 4000). The difference between the sure outcome and the remaining outcome is 4000 Euros. The probability of the sure outcome is 20% and the probability of the remaining outcome is 80%. 

For Lottery B, the sure outcome is 3000 Euros (since 3000 is the smallest outcome). The difference between the sure outcome and the remaining outcome is 0 Euros (since there is only one outcome). The probability of the remaining outcome is 100% (since there is only one outcome).

The relevant information about the lotteries relevant to the decision reason is:

Lottery A: Sure outcome = 0 Euros, Difference = 4000 Euros, Probability of sure outcome = 20%, Probability of remaining outcome = 80%
Lottery B: Sure outcome = 3000 Euros, Difference = 0 Euros, Probability of remaining outcome = 100%

The relevant information can be derived from the lotteries' outcomes and probabilities. Therefore, proceed to Step 2.

Step 2: Apply the decision reason to the decision problem.

The decision reason prefers the lottery with the more favorable sum of the sure outcome and the differences weighted by their probabilities. 

For Lottery A: (0 * 0.20) + (4000 * 0.80) = 3200
For Lottery B: (3000 * 1) = 3000

Since 3200 is greater than 3000, the decision reason prefers Lottery A.

FINAL ANSWER: A"
3,"the differences weighted by their probabilities.assistant

STEPS:
Step 1: Assess if the decision reason can be applied to the decision problem in a strict manner.
The decision reason can be applied to the decision problem because the relevant information, the outcomes and their probabilities, can be derived from the lotteries' outcomes and probabilities. 

For Lottery A, the sure outcome is 0 Euros (the outcome with the minimum absolute value), and the remaining outcomes are 4000 Euros with a probability of 20% and 0 Euros with a probability of 80%. 
The differences between the sure outcome and the remaining outcomes are 4000 Euros and 0 Euros. The probability-weighted sum of these differences is (0.20 * 4000) + (0.80 * 0) = 800 Euros.

For Lottery B, the sure outcome is 0 Euros, and the remaining outcomes are 3000 Euros with a probability of 25% and 0 Euros with a probability of 75%. 
The differences between the sure outcome and the remaining outcomes are 3000 Euros and 0 Euros. The probability-weighted sum of these differences is (0.25 * 3000) + (0.75 * 0) = 750 Euros.

Since the relevant information can be derived, proceed to Step 2.

Step 2: Apply the decision reason to the decision problem by strictly following the decision reason's rule.
The decision reason prefers the lottery with the more favorable sum of the sure outcome and the differences weighted by their probabilities. 
Lottery A has a probability-weighted sum of 800 Euros, and Lottery B has a probability-weighted sum of 750 Euros. 
Lottery A has a higher probability-weighted sum, so the decision reason prefers Lottery A.

FINAL ANSWER: A"
4,"the differences weighted by their probabilities.assistant

STEPS: 
Step 1: Assess if the decision reason can be applied to the decision problem in a strict manner.
The decision reason considers the outcomes of each lottery, and their probabilities. 
The lotteries' outcomes and probabilities can be derived from the given information, so the decision reason can be applied in a strict manner.

For lottery A, the outcome with the minimum absolute value is 0 Euros. 
The sure outcome is 0 Euros with a probability of 55%. 
The other outcome is 6000 Euros with a probability of 45%. 
The difference between the sure outcome and the other outcome is 6000 Euros.
The weighted difference is 6000 * 0.45 = 2700.

For lottery B, the outcome with the minimum absolute value is 0 Euros. 
The sure outcome is 0 Euros with a probability of 10%. 
The other outcome is 3000 Euros with a probability of 90%. 
The difference between the sure outcome and the other outcome is 3000 Euros.
The weighted difference is 3000 * 0.90 = 2700.

Step 2: Apply the decision reason to the decision problem.
The sum of the sure outcome and the weighted differences for lottery A is 0 + 2700 = 2700.
The sum of the sure outcome and the weighted differences for lottery B is 0 + 2700 = 2700.
The decision reason prefers the lottery with the more favorable sum. Since the sums are equal, the decision reason is indifferent between the lotteries.

FINAL ANSWER: INDIFFERENT"
5,"assistant

STEPS:
Step 1: Assess if the decision reason can be applied to the decision problem in a strict manner.

To apply the decision reason, we need to find the sure outcome for each lottery. The sure outcome is the outcome with the minimum absolute value. For lottery A, the outcomes are 6000 Euros and 0 Euros. The absolute values are 6000 and 0. The outcome with the minimum absolute value is 0 Euros, which is the sure outcome for lottery A. 

For lottery B, the outcomes are 3000 Euros and 0 Euros. The absolute values are 3000 and 0. The outcome with the minimum absolute value is 0 Euros, which is the sure outcome for lottery B.

The relevant information from the lotteries' outcomes and probabilities for the decision reason is as follows:

Lottery A: Sure outcome = 0 Euros, Probability = 99.9%, Difference = 6000 Euros, Probability = 0.1%
Lottery B: Sure outcome = 0 Euros, Probability = 99.8%, Difference = 3000 Euros, Probability = 0.2%

We can derive the relevant information and the decision reason can be applied to the decision problem in a strict manner.

Step 2: Apply the decision reason to the decision problem by strictly following the decision reason’s rule.

The decision reason prefers the lottery with the more favorable sum of the sure outcome and the differences weighted by their probabilities. Let's calculate the sum for each lottery.

Lottery A: (0 * 0.999) + (6000 * 0.001) = 0 + 6 = 6
Lottery B: (0 * 0.998) + (3000 * 0.002) = 0 + 6 = 6

The sums for both lotteries are equal. The decision reason prefers both lotteries equally.

FINAL ANSWER: INDIFFERENT"
6,"sum of the sure outcome and the differences weighted by their probabilities.assistant

STEPS:
Step 1: Assess if the decision reason can be applied to the decision problem in a strict manner.
The decision reason considers the outcomes of each lottery, the sure outcome, and the differences between the sure outcome and the remaining outcomes. In this case, we can derive the relevant information from the lotteries' outcomes and probabilities. 

Lottery A has a 80% probability of winning 4000 Euros and a 20% probability of winning 0 Euros. The sure outcome in this case is 0 Euros because it has the minimum absolute value.

Lottery B has a 100% probability of winning -3000 Euros. The sure outcome in this case is -3000 Euros.

The difference between the sure outcome and the remaining outcome in Lottery A is 4000 - 0 = 4000 Euros, with a probability of 80%. The difference between the sure outcome and the remaining outcome in Lottery B is -3000 - (-3000) = 0 Euros, with a probability of 100%.

The sum of the sure outcome and the differences weighted by their probabilities for Lottery A is (0 * 0.8) + (4000 * 0.2) = 800 Euros.
The sum of the sure outcome and the differences weighted by their probabilities for Lottery B is (-3000 * 1) = -3000 Euros.

Step 2: Apply the decision reason to the decision problem by strictly following the decision reason's rule.
The decision reason prefers the lottery with the more favorable sum of the sure outcome and the differences weighted by their probabilities. Since 800 > -3000, the decision reason prefers Lottery A.

FINAL ANSWER: A"
7,"weighted by their probabilities.assistant

STEPS:
Step 1: Assess if the decision reason can be applied to the decision problem in a strict manner.
The decision reason requires the absolute value of each outcome, the sure outcome, and the differences between the sure outcome and the remaining outcomes. We can derive these pieces of information from the lotteries' outcomes and probabilities.

Lottery A's outcomes are -4000 and 0 Euros.
The minimum absolute value outcome is 0 Euros, which is the sure outcome.
The difference between the sure outcome (0 Euros) and the remaining outcome (-4000 Euros) is 4000 Euros.
Lottery A's probabilities are 0.2 for -4000 Euros and 0.8 for 0 Euros.

Lottery B's outcomes are -3000 and 0 Euros.
The minimum absolute value outcome is 0 Euros, which is the sure outcome.
The difference between the sure outcome (0 Euros) and the remaining outcome (-3000 Euros) is 3000 Euros.
Lottery B's probabilities are 0.25 for -3000 Euros and 0.75 for 0 Euros.

Sum of the sure outcome and the differences weighted by their probabilities for Lottery A:
- 0.8 * 0 (sure outcome) + 0.2 * 4000 (difference) = 800 Euros
Sum of the sure outcome and the differences weighted by their probabilities for Lottery B:
- 0.75 * 0 (sure outcome) + 0.25 * 3000 (difference) = 750 Euros

Step 2: Apply the decision reason to the decision problem.
The decision reason prefers the lottery with the more favorable sum of the sure outcome and the differences weighted by their probabilities. 
Since Lottery A has a more favorable sum (800 Euros) than Lottery B (750 Euros), the decision reason prefers Lottery A.

FINAL ANSWER: A"
8,"weighted by their probabilities.assistant

STEPS: 
Step 1: Assess if the decision reason can be applied to the decision problem in a strict manner.
The decision reason considers the outcomes of each lottery, the sure outcome, and the differences between the sure outcome and the remaining outcomes. We can derive the relevant information from the lotteries' outcomes and probabilities: 
- The outcomes of Lottery A are -6000 and 0 Euros.
- The outcomes of Lottery B are -3000 and 0 Euros.
- The sure outcomes are 0 Euros for both lotteries since 0 is the minimum absolute value.
- The differences between the sure outcome and the remaining outcomes are 0 - (-6000) = 6000 Euros for Lottery A and 0 - (-3000) = 3000 Euros for Lottery B.
Since the relevant information can be derived, we proceed to Step 2.

Step 2: Apply the decision reason to the decision problem.
The decision reason prefers the lottery with the more favorable sum of the sure outcome and the differences weighted by their probabilities. 
For Lottery A, the sum is 0 (sure outcome) + (0 * 45% - 6000 * 55%) = 0 + 0 - 3300 = -3300.
For Lottery B, the sum is 0 (sure outcome) + (0 * 10% - 3000 * 90%) = 0 + 0 - 2700 = -2700.
Since the sum for Lottery A is less favorable than the sum for Lottery B, the decision reason prefers Lottery B.

FINAL ANSWER: B"
9,"STEPS:
Step 1: Assess if the decision reason can be applied to the decision problem in a strict manner.
To apply the decision reason, we need to evaluate the relevant information from the lotteries' outcomes and probabilities. 

Lottery A has two outcomes: -6000 Euros with a 0.1% probability and 0 Euros with a 99.9% probability. 
Lottery B has two outcomes: -3000 Euros with a 0.2% probability and 0 Euros with a 99.8% probability.

The relevant information for the decision reason is the outcomes and their probabilities. Since this information can be derived from the lotteries, we can proceed to Step 2.

Step 2: Apply the decision reason to the decision problem.
The decision reason considers the outcomes with the minimum absolute value as the sure outcome. In both lotteries, the sure outcome is 0 Euros. 

Next, the decision reason calculates the sum of the sure outcome and the differences between the sure outcome and the remaining outcomes, weighted by their probabilities. 

For lottery A, the difference between the sure outcome (0 Euros) and the other outcome (-6000 Euros) is 6000 Euros, with a probability of 0.1%. The weighted difference is 6000 * 0.001 = 6 Euros. Since there's only one difference for lottery A, the total is 6 Euros.

For lottery B, the difference between the sure outcome (0 Euros) and the other outcome (-3000 Euros) is 3000 Euros, with a probability of 0.2%. The weighted difference is 3000 * 0.002 = 6 Euros. Since there's only one difference for lottery B, the total is 6 Euros.

Both lotteries have the same total, which is 6 Euros. Since the decision reason prefers the lottery with the more favorable sum, it is indifferent between the two lotteries.

FINAL ANSWER: INDIFFERENT"
10,"the more favorable sum of the sure outcome and the differences weighted by their probabilities.assistant

STEPS: 
Step 1: Assess if the decision reason can be applied to the decision problem in a strict manner.
The decision reason considers the outcomes of each lottery, which are 1000 Euros and 0 Euros for Lottery A and 500 Euros for Lottery B. The reason also considers the probabilities of each outcome. The relevant information can be derived from the lotteries' outcomes and probabilities, so the decision reason can be applied to the decision problem in a strict manner.

The sure outcome in Lottery A is 0 Euros (the minimum absolute value outcome), while in Lottery B, there is no other outcome than the 500 Euros, which is the sure outcome. 

The outcomes in Lottery A other than the sure outcome are 1000 Euros with 50% probability. In Lottery B, there are no other outcomes than the sure outcome, so the other outcome is not applicable.

The differences between the sure outcome and the remaining outcomes are 1000 Euros for Lottery A and there is no other outcome in Lottery B than the sure outcome, so the difference is 0 Euros.

The sum of the sure outcome and the differences weighted by their probabilities are: 
Lottery A: 0 * 0.5 + 1000 * 0.5 = 500 Euros
Lottery B: 500 * 1 = 500 Euros

The sum of the sure outcome and the differences weighted by their probabilities are equal for both lotteries, 500 Euros for both. 
Therefore, the decision reason is indifferent between the two lotteries.

FINAL ANSWER: INDIFFERENT"
11,"favorable sum of the sure outcome and the differences weighted by their probabilities.assistant

STEPS:
Step 1: Assess if the decision reason can be applied to the decision problem in a strict manner.
The decision reason considers the outcomes of each lottery and their absolute values. The lotteries' outcomes and probabilities are available, so the relevant information can be derived. 

Lottery A has outcomes -1000 Euros with 50% probability and 0 Euros with 50% probability. 
Lottery B has outcomes -500 Euros with 100% probability.

The sure outcome for Lottery A is 0 Euros, and the remaining outcome is -1000 Euros with 50% probability. 
The sure outcome for Lottery B is -500 Euros, and the remaining outcome does not exist.

The differences between the sure outcome and the remaining outcomes are -1000 Euros for Lottery A and -500 Euros for Lottery B.

For Lottery A, the weighted difference is 0 (for the sure outcome) + (-1000 * 0.5) = -500 Euros.
For Lottery B, the weighted difference is -500 (for the sure outcome) + 0 (no remaining outcome) = -500 Euros.

Both lotteries have the same sum of the sure outcome and the differences weighted by their probabilities (-500 Euros), so the decision reason is indifferent between the lotteries.

FINAL ANSWER: INDIFFERENT"
12,"assistant

STEPS:
Step 1: Assess if the decision reason can be applied to the decision problem in a strict manner.

Lottery A has outcomes 6000 Euros and 0 Euros. The minimum absolute value outcome is 0 Euros. The difference between the sure outcome (0 Euros) and the remaining outcome (6000 Euros) is 6000 Euros. The probability of the remaining outcome is 0.25.

Lottery B has outcomes 4000 Euros, 2000 Euros, and 0 Euros. The minimum absolute value outcome is 0 Euros. The differences between the sure outcome (0 Euros) and the remaining outcomes (4000 Euros and 2000 Euros) are 4000 Euros and 2000 Euros, respectively. The probabilities of the remaining outcomes are 0.25 each.

The relevant information about the lotteries for the decision reason is the sure outcome (0 Euros) and the differences between the sure outcome and the remaining outcomes along with their probabilities: (6000 Euros, 0.25) for Lottery A and (4000 Euros, 0.25) and (2000 Euros, 0.25) for Lottery B.

Since the relevant information can be derived from the lotteries' outcomes and probabilities, the decision reason can be applied to the decision problem in a strict manner.

Step 2: Apply the decision reason to the decision problem.

The decision reason prefers the lottery with the more favorable sum of the sure outcome and the differences weighted by their probabilities. The sum for Lottery A is 0 Euros + (6000 Euros * 0.25) = 1500 Euros. The sum for Lottery B is 0 Euros + (4000 Euros * 0.25) + (2000 Euros * 0.25) = 1250 Euros.

Since Lottery A has a larger sum, the decision reason prefers Lottery A.

FINAL ANSWER: A"
13,"STEPS:
Step 1: Assess if the decision reason can be applied to the decision problem in a strict manner.
The decision reason considers the outcomes of each lottery and their probabilities. We can derive the relevant information by calculating the sure outcome for each lottery and the differences between the sure outcome and the remaining outcomes, and then calculating the sum of the sure outcome and the differences weighted by their probabilities. 
For lottery A, the sure outcome is 0 Euros (since the outcomes have absolute values of 6000 and 0, 0 is the smaller one). The differences are 6000 (6000 - 0) and 0 (0 - 0). The sum is: 0 (sure outcome) + 0.25 * 6000 (difference 1) + 0.75 * 0 (difference 2) = 1500 Euros.
For lottery B, the sure outcome is 0 Euros (since the outcomes have absolute values of 4000, 2000, and 0, 0 is the smaller one). The differences are 4000 (4000 - 0), 2000 (2000 - 0), and 0 (0 - 0). The sum is: 0 (sure outcome) + 0.25 * 4000 (difference 1) + 0.25 * 2000 (difference 2) + 0.5 * 0 (difference 3) = 1250 Euros.

Since the relevant information can be derived, we proceed to Step 2.

Step 2: Apply the decision reason to the decision problem.
The decision reason prefers the lottery with the more favorable sum of the sure outcome and the differences weighted by their probabilities. 
Lottery A has a sum of 1500 Euros and lottery B has a sum of 1250 Euros. 
Lottery A has a more favorable sum, so the decision reason prefers lottery A.

FINAL ANSWER: A"
14,"of the sure outcome and the differences weighted by their probabilities.assistant

STEPS:
Step 1: Assess if the decision reason can be applied to the decision problem in a strict manner.
To apply the decision reason, we need to identify the sure outcome and the differences between the sure outcome and the remaining outcomes for each lottery. 
For lottery A, the outcomes are 5000 Euros and 0 Euros. The minimum absolute value is 0 Euros, which is the sure outcome. 
The difference between the sure outcome (0 Euros) and the remaining outcome (5000 Euros) is 5000 Euros, and its probability is 0.1% or 0.001.
For lottery B, the outcome is 5 Euros, which is the sure outcome.
The difference between the sure outcome (5 Euros) and the remaining outcome (5 Euros) is 0 Euros, and its probability is 100% or 1.
Since the relevant information can be derived from the lotteries' outcomes and probabilities, the decision reason can be applied to the decision problem in a strict manner.

Step 2: Apply the decision reason to the decision problem.
The reason prefers the lottery with the more favorable sum of the sure outcome and the differences weighted by their probabilities. 
For lottery A, the sum is: 
- Sure outcome: 0 Euros * 0.999 = 0
- Difference: 5000 Euros * 0.001 = 5
Sum: 0 + 5 = 5
For lottery B, the sum is: 
- Sure outcome: 5 Euros * 1 = 5
- Difference: 0 Euros * 1 = 0
Sum: 5 + 0 = 5
The sums of the two lotteries are equal. The decision reason is indifferent between the two lotteries.

FINAL ANSWER: INDIFFERENT"
15,"sure outcome and the differences weighted by their probabilities.assistant

STEPS:
Step 1: Assess if the decision reason can be applied to the decision problem in a strict manner.

To apply this decision reason, we need to identify the sure outcome and the remaining outcomes for each lottery. For lottery A, the sure outcome is 0 Euros (since it has the minimum absolute value), and the remaining outcome is -5000 Euros with a 0.1% probability. For lottery B, the sure outcome is -5 Euros (since it has the minimum absolute value), and the remaining outcome is not applicable since there are no other outcomes.

The decision reason considers the sum of the sure outcome and the differences weighted by their probabilities. We can calculate this sum for each lottery. For lottery A, the sum is 0 (sure outcome) + (-5000 * 0.001) = -5. For lottery B, the sum is -5 (sure outcome) + 0 (no other outcome to consider) = -5.

Since both lotteries have the same sum, we cannot strictly prefer one over the other based on the decision reason. Therefore, the decision reason is indifferent between the lotteries.

FINAL ANSWER: INDIFFERENT"
16,"sum of the sure outcome and the differences weighted by their probabilities.assistant

STEPS:

Step 1: Assess if the decision reason can be applied to the decision problem in a strict manner.

To apply this decision reason, we need to identify the sure outcome in each lottery and the remaining outcomes, calculate the differences, and determine the sum of the sure outcome and the weighted differences.

Lottery A has two outcomes: 3000 Euros and -3000 Euros, both with equal probability (50%). Since there is no outcome with a higher probability, we can consider -3000 Euros as the sure outcome because its absolute value is smaller.

Lottery B has one outcome: 1500 Euros with 100% probability. Since it has only one outcome, we can consider it as the sure outcome.

Next, we need to calculate the differences between the sure outcomes and the remaining outcomes in each lottery. 

For Lottery A, the difference between the sure outcome (-3000 Euros) and the other outcome (3000 Euros) is 6000 Euros. 

For Lottery B, there is no difference between the sure outcome (1500 Euros) and the other outcome, which does not exist in this case.

Now, we calculate the sum of the sure outcome and the weighted differences for each lottery.

For Lottery A, the sum is -3000 Euros (sure outcome) + 6000 Euros (weighted by 50% probability) = -3000 + 3000 = 0 Euros.

For Lottery B, the sum is 1500 Euros (sure outcome).

Since the relevant information can be derived from the lotteries' outcomes and probabilities, the decision reason can be applied to the decision problem in a strict manner.

Step 2: Apply the decision reason to the decision problem.

We compare the sums calculated in Step 1. The sum for Lottery A is 0 Euros, and the sum for Lottery B is 1500 Euros. Since the sum for Lottery B is higher, the decision reason prefers Lottery B.

FINAL ANSWER: B"
17,"sum of the sure outcome and the differences weighted by their probabilities.assistant

STEPS: 
Step 1: Assess if the decision reason can be applied to the decision problem in a strict manner. 
To apply the decision reason, we need to identify the outcomes of each lottery and their probabilities. 
Lottery A has two outcomes: 3000 Euros and -3000 Euros with equal probabilities (50% each). 
Lottery B has one outcome: 2000 Euros with a probability of 100%.

The sure outcome in lottery A is 0 Euros, as it is the outcome with the minimum absolute value. 
The differences between the sure outcome (0 Euros) and the remaining outcomes are 3000 Euros and -3000 Euros.
The probabilities of these differences are 50% and 50% respectively.

In lottery B, the sure outcome is also 0 Euros, as it is the outcome with the minimum absolute value. 
The difference between the sure outcome (0 Euros) and the remaining outcome is 2000 Euros with a probability of 100%.

The sum of the sure outcome and the differences weighted by their probabilities for lottery A is: (0 * 0.5) + (3000 * 0.5) + (-3000 * 0.5) = 0 + 1500 - 1500 = 0.
The sum of the sure outcome and the differences weighted by their probabilities for lottery B is: (0 * 1) + (2000 * 1) = 0 + 2000 = 2000.

Since the decision reason considers the sum of the sure outcome and the differences weighted by their probabilities, the reason prefers lottery B over lottery A.

FINAL ANSWER: B"
18,"sum of the sure outcome and the differences weighted by their probabilities.assistant

STEPS:

Step 1: Assess if the decision reason can be applied to the decision problem in a strict manner.

To apply the decision reason, we need to identify the sure outcome and the differences between the sure outcome and the remaining outcomes for each lottery.

Lottery A:
- The minimum absolute value of outcomes is 3000 Euros, which is the sure outcome.
- The difference between the sure outcome (3000 Euros) and the other outcome (-3000 Euros) is 6000 Euros. Since this outcome occurs with 50% probability, the weighted difference is 3000 Euros.
- The sum of the sure outcome and the weighted difference is 3000 + 3000 = 6000 Euros.

Lottery B:
- The minimum absolute value of outcomes is 1000 Euros, which is the sure outcome.
- There are no other outcomes, so the difference is 0. The sum of the sure outcome and the weighted difference is 1000 + 0 = 1000 Euros.

The relevant information can be derived from the lotteries' outcomes and probabilities. The decision reason can be applied to the decision problem in a strict manner.

Step 2: Apply the decision reason to the decision problem.

The decision reason considers the sum of the sure outcome and the differences weighted by their probabilities for each lottery.
- Lottery A: 6000 Euros
- Lottery B: 1000 Euros

Since the sum for Lottery A (6000 Euros) is greater than the sum for Lottery B (1000 Euros), the decision reason prefers Lottery A.

FINAL ANSWER: A"
19,"favorable sum of the sure outcome and the differences weighted by their probabilities.assistant

STEPS:
Step 1: Assess if the decision reason can be applied to the decision problem in a strict manner.
The decision reason considers the outcomes of each lottery and their probabilities. We can derive the relevant information from the given lotteries, which are the outcomes and their probabilities. 

Lottery A: The outcomes are 6000 Euros and -6000 Euros with equal probabilities of 50%. The sure outcome is 0 Euros (the midpoint of 6000 and -6000). 
The differences between the sure outcome and the remaining outcomes are 6000 for the 6000 Euros outcome and 6000 for the -6000 Euros outcome. The probabilities of these differences are 50% for both outcomes.

Lottery B: The outcome is 0 Euros with a 100% probability. The sure outcome is 0 Euros, and there is no difference between the sure outcome and the remaining outcomes.

Sum of the sure outcome and the differences weighted by their probabilities for Lottery A: 
(0) + (6000 * 0.5) + (6000 * 0.5) = 6000

Sum of the sure outcome and the differences weighted by their probabilities for Lottery B: 
(0) + (0 * 1) = 0

Since the decision reason prefers the lottery with the more favorable sum, it prefers Lottery A.

FINAL ANSWER: A"
